CD001920_pub4 0 10527076 1
CD001920_pub4 0 10945420 1
CD001920_pub4 0 11030501 1
CD001920_pub4 0 11812553 1
CD001920_pub4 0 11991797 1
CD001920_pub4 0 12194618 1
CD001920_pub4 0 12804415 1
CD001920_pub4 0 12920254 1
CD001920_pub4 0 12971705 1
CD001920_pub4 0 13194374 1
CD001920_pub4 0 14606738 1
CD001920_pub4 0 14970894 1
CD001920_pub4 0 15137555 1
CD001920_pub4 0 15482247 1
CD001920_pub4 0 15495079 1
CD001920_pub4 0 15574110 1
CD001920_pub4 0 1559090 1
CD001920_pub4 0 15704508 1
CD001920_pub4 0 15730802 1
CD001920_pub4 0 15730803 1
CD001920_pub4 0 15743283 1
CD001920_pub4 0 15759530 1
CD001920_pub4 0 15774435 1
CD001920_pub4 0 15879321 1
CD001920_pub4 0 16181164 1
CD001920_pub4 0 16263967 1
CD001920_pub4 0 16634338 1
CD001920_pub4 0 17008338 1
CD001920_pub4 0 17253468 1
CD001920_pub4 0 17426347 1
CD001920_pub4 0 17443550 1
CD001920_pub4 0 17535145 1
CD001920_pub4 0 17613581 1
CD001920_pub4 0 17702703 1
CD001920_pub4 0 17939776 1
CD001920_pub4 0 18036303 1
CD001920_pub4 0 18720129 1
CD001920_pub4 0 18780882 1
CD001920_pub4 0 18955423 1
CD001920_pub4 0 18955513 1
CD001920_pub4 0 19118128 1
CD001920_pub4 0 19509438 1
CD001920_pub4 0 19588381 1
CD001920_pub4 0 19624858 1
CD001920_pub4 0 19674485 1
CD001920_pub4 0 19704158 1
CD001920_pub4 0 19821873 1
CD001920_pub4 0 19848560 1
CD001920_pub4 0 19969159 1
CD001920_pub4 0 20334632 1
CD001920_pub4 0 21036118 1
CD001920_pub4 0 21110413 1
CD001920_pub4 0 21249701 1
CD001920_pub4 0 21612471 1
CD001920_pub4 0 21788266 1
CD001920_pub4 0 22120031 1
CD001920_pub4 0 22503739 1
CD001920_pub4 0 22510162 1
CD001920_pub4 0 22544817 1
CD001920_pub4 0 22577186 1
CD001920_pub4 0 22819061 1
CD001920_pub4 0 22861816 1
CD001920_pub4 0 23216861 1
CD001920_pub4 0 23217105 1
CD001920_pub4 0 23227428 1
CD001920_pub4 0 23600965 1
CD001920_pub4 0 23621107 1
CD001920_pub4 0 23728683 1
CD001920_pub4 0 23901675 1
CD001920_pub4 0 24117062 1
CD001920_pub4 0 24189091 1
CD001920_pub4 0 24259927 1
CD001920_pub4 0 24355995 1
CD001920_pub4 0 24370323 1
CD001920_pub4 0 24668360 1
CD001920_pub4 0 24708038 1
CD001920_pub4 0 24756870 1
CD001920_pub4 0 24788580 1
CD001920_pub4 0 24795163 1
CD001920_pub4 0 24859467 1
CD001920_pub4 0 24982002 1
CD001920_pub4 0 25037002 1
CD001920_pub4 0 25140077 1
CD001920_pub4 0 25300433 1
CD001920_pub4 0 25357149 1
CD001920_pub4 0 25387001 1
CD001920_pub4 0 25411026 1
CD001920_pub4 0 25427891 1
CD001920_pub4 0 25506618 1
CD001920_pub4 0 25524443 1
CD001920_pub4 0 25538152 1
CD001920_pub4 0 25538853 1
CD001920_pub4 0 25576474 1
CD001920_pub4 0 25903158 1
CD001920_pub4 0 25920470 1
CD001920_pub4 0 26034487 1
CD001920_pub4 0 26048054 1
CD001920_pub4 0 26055635 1
CD001920_pub4 0 26180312 1
CD001920_pub4 0 26220327 1
CD001920_pub4 0 26260878 1
CD001920_pub4 0 26316552 1
CD001920_pub4 0 26409399 1
CD001920_pub4 0 26451007 1
CD001920_pub4 0 26504340 1
CD001920_pub4 0 26600952 1
CD001920_pub4 0 26728501 1
CD001920_pub4 0 26763949 1
CD001920_pub4 0 26957751 1
CD001920_pub4 0 27107979 1
CD001920_pub4 0 27145936 1
CD001920_pub4 0 27190440 1
CD001920_pub4 0 27341068 1
CD001920_pub4 0 27347547 1
CD001920_pub4 0 27398997 1
CD001920_pub4 0 27415645 1
CD001920_pub4 0 27418997 1
CD001920_pub4 0 2741997 1
CD001920_pub4 0 27562656 1
CD001920_pub4 0 27585746 1
CD001920_pub4 0 27697876 1
CD001920_pub4 0 27821673 1
CD001920_pub4 0 27841442 1
CD001920_pub4 0 28002636 1
CD001920_pub4 0 28503533 1
CD001920_pub4 0 28573757 1
CD001920_pub4 0 28603356 1
CD001920_pub4 0 28626306 1
CD001920_pub4 0 28642466 1
CD001920_pub4 0 28815562 1
CD001920_pub4 0 28885236 1
CD001920_pub4 0 29068037 1
CD001920_pub4 0 29097056 1
CD001920_pub4 0 29156493 1
CD001920_pub4 0 29220541 1
CD001920_pub4 0 29270204 1
CD001920_pub4 0 29284737 1
CD001920_pub4 0 29314757 1
CD001920_pub4 0 29335013 1
CD001920_pub4 0 29361348 1
CD001920_pub4 0 29412167 1
CD001920_pub4 0 29413790 1
CD001920_pub4 0 29449290 1
CD001920_pub4 0 29529870 1
CD001920_pub4 0 29545693 1
CD001920_pub4 0 29706442 1
CD001920_pub4 0 29859180 1
CD001920_pub4 0 29961738 1
CD001920_pub4 0 29993119 1
CD001920_pub4 0 30010509 1
CD001920_pub4 0 30121600 1
CD001920_pub4 0 30140119 1
CD001920_pub4 0 30368324 1
CD001920_pub4 0 30501977 1
CD001920_pub4 0 30571419 1
CD001920_pub4 0 30656163 1
CD001920_pub4 0 30737884 1
CD001920_pub4 0 30871480 1
CD001920_pub4 0 30899731 1
CD001920_pub4 0 30997859 1
CD001920_pub4 0 31017023 1
CD001920_pub4 0 31110106 1
CD001920_pub4 0 31296113 1
CD001920_pub4 0 31409536 1
CD001920_pub4 0 31453532 1
CD001920_pub4 0 31556542 1
CD001920_pub4 0 31687935 1
CD001920_pub4 0 31707972 1
CD001920_pub4 0 31858865 1
CD001920_pub4 0 31935047 1
CD001920_pub4 0 32002991 1
CD001920_pub4 0 32029489 1
CD001920_pub4 0 32037876 1
CD001920_pub4 0 32168159 1
CD001920_pub4 0 32196635 1
CD001920_pub4 0 32252739 1
CD001920_pub4 0 32542356 1
CD001920_pub4 0 32627722 1
CD001920_pub4 0 32811378 1
CD001920_pub4 0 32890770 1
CD001920_pub4 0 32891079 1
CD001920_pub4 0 32970328 1
CD001920_pub4 0 32978194 1
CD001920_pub4 0 33002792 1
CD001920_pub4 0 33035232 1
CD001920_pub4 0 33069609 1
CD001920_pub4 0 33091160 1
CD001920_pub4 0 33164953 1
CD001920_pub4 0 33175411 1
CD001920_pub4 0 33190615 1
CD001920_pub4 0 33217861 1
CD001920_pub4 0 33236611 1
CD001920_pub4 0 33294224 1
CD001920_pub4 0 33297451 1
CD001920_pub4 0 33324926 1
CD001920_pub4 0 33356519 1
CD001920_pub4 0 33476769 1
CD001920_pub4 0 3363593 1
CD001920_pub4 0 33879490 1
CD001920_pub4 0 34001840 1
CD001920_pub4 0 34020123 1
CD001920_pub4 0 34032760 1
CD001920_pub4 0 34188460 1
CD001920_pub4 0 34205457 1
CD001920_pub4 0 34281611 1
CD001920_pub4 0 34290663 1
CD001920_pub4 0 34311772 1
CD001920_pub4 0 34684135 1
CD001920_pub4 0 34695300 1
CD001920_pub4 0 34767488 1
CD001920_pub4 0 34986727 1
CD001920_pub4 0 35036254 1
CD001920_pub4 0 35039010 1
CD001920_pub4 0 35090517 1
CD001920_pub4 0 35136756 1
CD001920_pub4 0 35241176 1
CD001920_pub4 0 35300258 1
CD001920_pub4 0 35305334 1
CD001920_pub4 0 35306803 1
CD001920_pub4 0 35422174 1
CD001920_pub4 0 35459194 1
CD001920_pub4 0 35964211 1
CD001920_pub4 0 36115574 1
CD001920_pub4 0 36147622 1
CD001920_pub4 0 36169558 1
CD001920_pub4 0 36306569 1
CD001920_pub4 0 36407967 1
CD001920_pub4 0 36445316 1
CD001920_pub4 0 36447690 1
CD001920_pub4 0 36864008 1
CD001920_pub4 0 39932103 1
CD001920_pub4 0 40336792 1
CD001920_pub4 0 6023294 1
CD001920_pub4 0 6023296 1
CD001920_pub4 0 6023297 1
CD001920_pub4 0 6974717 1
CD001920_pub4 0 7100298 1
CD001920_pub4 0 7763147 1
CD001920_pub4 0 8503751 1
CD001920_pub4 0 8630191 1
CD001920_pub4 0 9099186 1
CD001920_pub4 0 9756581 1
CD006103_pub9 0 10796490 1
CD006103_pub9 0 12745501 1
CD006103_pub9 0 12958120 1
CD006103_pub9 0 15155135 1
CD006103_pub9 0 15733243 1
CD006103_pub9 0 16820548 1
CD006103_pub9 0 16908787 1
CD006103_pub9 0 16908789 1
CD006103_pub9 0 17050788 1
CD006103_pub9 0 17130378 1
CD006103_pub9 0 17253581 1
CD006103_pub9 0 17407636 1
CD006103_pub9 0 17426529 1
CD006103_pub9 0 17493109 1
CD006103_pub9 0 17692719 1
CD006103_pub9 0 17692720 1
CD006103_pub9 0 17825502 1
CD006103_pub9 0 17915071 1
CD006103_pub9 0 17915072 1
CD006103_pub9 0 18028247 1
CD006103_pub9 0 18198011 1
CD006103_pub9 0 18263663 1
CD006103_pub9 0 18288085 1
CD006103_pub9 0 18442345 1
CD006103_pub9 0 18513462 1
CD006103_pub9 0 18646137 1
CD006103_pub9 0 18663065 1
CD006103_pub9 0 18663077 1
CD006103_pub9 0 18663078 1
CD006103_pub9 0 18808308 1
CD006103_pub9 0 18842256 1
CD006103_pub9 0 19004600 1
CD006103_pub9 0 19192221 1
CD006103_pub9 0 19243716 1
CD006103_pub9 0 19246427 1
CD006103_pub9 0 19351781 1
CD006103_pub9 0 19354344 1
CD006103_pub9 0 19476573 1
CD006103_pub9 0 19491139 1
CD006103_pub9 0 19536915 1
CD006103_pub9 0 19621070 1
CD006103_pub9 0 19686530 1
CD006103_pub9 0 19715445 1
CD006103_pub9 0 19733449 1
CD006103_pub9 0 19817313 1
CD006103_pub9 0 19912599 1
CD006103_pub9 0 20048200 1
CD006103_pub9 0 20048210 1
CD006103_pub9 0 20071105 1
CD006103_pub9 0 20107434 1
CD006103_pub9 0 20154405 1
CD006103_pub9 0 20234103 1
CD006103_pub9 0 20363092 1
CD006103_pub9 0 20395358 1
CD006103_pub9 0 20409497 1
CD006103_pub9 0 20457644 1
CD006103_pub9 0 20666691 1
CD006103_pub9 0 20716302 1
CD006103_pub9 0 20724382 1
CD006103_pub9 0 20819082 1
CD006103_pub9 0 21041839 1
CD006103_pub9 0 21134997 1
CD006103_pub9 0 21208325 1
CD006103_pub9 0 21221531 1
CD006103_pub9 0 21295286 1
CD006103_pub9 0 21328266 1
CD006103_pub9 0 21328282 1
CD006103_pub9 0 21330267 1
CD006103_pub9 0 21350041 1
CD006103_pub9 0 21376537 1
CD006103_pub9 0 21452908 1
CD006103_pub9 0 21467069 1
CD006103_pub9 0 21498427 1
CD006103_pub9 0 21512406 1
CD006103_pub9 0 21518946 1
CD006103_pub9 0 21518947 1
CD006103_pub9 0 21559801 1
CD006103_pub9 0 21621992 1
CD006103_pub9 0 21635992 1
CD006103_pub9 0 21652735 1
CD006103_pub9 0 21667366 1
CD006103_pub9 0 21695488 1
CD006103_pub9 0 21778151 1
CD006103_pub9 0 21810630 1
CD006103_pub9 0 21819275 1
CD006103_pub9 0 21835552 1
CD006103_pub9 0 21872998 1
CD006103_pub9 0 21991893 1
CD006103_pub9 0 22007690 1
CD006103_pub9 0 22025439 1
CD006103_pub9 0 22048460 1
CD006103_pub9 0 22080588 1
CD006103_pub9 0 22088938 1
CD006103_pub9 0 22104038 1
CD006103_pub9 0 22130118 1
CD006103_pub9 0 22236931 1
CD006103_pub9 0 22250168 1
CD006103_pub9 0 22367976 1
CD006103_pub9 0 22377389 1
CD006103_pub9 0 22513936 1
CD006103_pub9 0 22547331 1
CD006103_pub9 0 22573730 1
CD006103_pub9 0 22589421 1
CD006103_pub9 0 22691015 1
CD006103_pub9 0 22697191 1
CD006103_pub9 0 22860882 1
CD006103_pub9 0 22888309 1
CD006103_pub9 0 22890119 1
CD006103_pub9 0 22993168 1
CD006103_pub9 0 23024246 1
CD006103_pub9 0 23072834 1
CD006103_pub9 0 23128154 1
CD006103_pub9 0 23422399 1
CD006103_pub9 0 23507358 1
CD006103_pub9 0 23536105 1
CD006103_pub9 0 23640009 1
CD006103_pub9 0 23707824 1
CD006103_pub9 0 23718718 1
CD006103_pub9 0 23728065 1
CD006103_pub9 0 23728690 1
CD006103_pub9 0 23946326 1
CD006103_pub9 0 23953658 1
CD006103_pub9 0 23963060 1
CD006103_pub9 0 23990527 1
CD006103_pub9 0 24020450 1
CD006103_pub9 0 24042367 1
CD006103_pub9 0 24074849 1
CD006103_pub9 0 24286379 1
CD006103_pub9 0 24290118 1
CD006103_pub9 0 24399553 1
CD006103_pub9 0 24399554 1
CD006103_pub9 0 24482150 1
CD006103_pub9 0 24522334 1
CD006103_pub9 0 24616337 1
CD006103_pub9 0 24811751 1
CD006103_pub9 0 24831822 1
CD006103_pub9 0 24861558 1
CD006103_pub9 0 24862167 1
CD006103_pub9 0 24894625 1
CD006103_pub9 0 24911368 1
CD006103_pub9 0 24928218 1
CD006103_pub9 0 24934962 1
CD006103_pub9 0 24949949 1
CD006103_pub9 0 24951495 1
CD006103_pub9 0 25005652 1
CD006103_pub9 0 25006684 1
CD006103_pub9 0 25012994 1
CD006103_pub9 0 25031315 1
CD006103_pub9 0 25296623 1
CD006103_pub9 0 25517706 1
CD006103_pub9 0 25545858 1
CD006103_pub9 0 25588294 1
CD006103_pub9 0 25627075 1
CD006103_pub9 0 25688780 1
CD006103_pub9 0 25767129 1
CD006103_pub9 0 25933795 1
CD006103_pub9 0 26010901 1
CD006103_pub9 0 26069034 1
CD006103_pub9 0 26142345 1
CD006103_pub9 0 26180217 1
CD006103_pub9 0 26386786 1
CD006103_pub9 0 26427627 1
CD006103_pub9 0 26553744 1
CD006103_pub9 0 26709238 1
CD006103_pub9 0 26711162 1
CD006103_pub9 0 26730716 1
CD006103_pub9 0 26813210 1
CD006103_pub9 0 26903004 1
CD006103_pub9 0 27046320 1
CD006103_pub9 0 27116918 1
CD006103_pub9 0 27117285 1
CD006103_pub9 0 27158893 1
CD006103_pub9 0 27233840 1
CD006103_pub9 0 27558015 1
CD006103_pub9 0 27734465 1
CD006103_pub9 0 28167895 1
CD006103_pub9 0 28182446 1
CD006103_pub9 0 28275830 1
CD006103_pub9 0 28365035 1
CD006103_pub9 0 28414583 1
CD006103_pub9 0 28420644 1
CD006103_pub9 0 28449281 1
CD006103_pub9 0 28498504 1
CD006103_pub9 0 28549278 1
CD006103_pub9 0 28553407 1
CD006103_pub9 0 28636795 1
CD006103_pub9 0 28738266 1
CD006103_pub9 0 28889258 1
CD006103_pub9 0 29223599 1
CD006103_pub9 0 29261824 1
CD006103_pub9 0 29324248 1
CD006103_pub9 0 29329763 1
CD006103_pub9 0 29403297 1
CD006103_pub9 0 29471329 1
CD006103_pub9 0 29508470 1
CD006103_pub9 0 29581161 1
CD006103_pub9 0 29602847 1
CD006103_pub9 0 29604474 1
CD006103_pub9 0 29630702 1
CD006103_pub9 0 29676824 1
CD006103_pub9 0 29679432 1
CD006103_pub9 0 29728074 1
CD006103_pub9 0 29788791 1
CD006103_pub9 0 29955828 1
CD006103_pub9 0 29986268 1
CD006103_pub9 0 30107419 1
CD006103_pub9 0 30276931 1
CD006103_pub9 0 30341043 1
CD006103_pub9 0 30589984 1
CD006103_pub9 0 30614717 1
CD006103_pub9 0 30680852 1
CD006103_pub9 0 30758045 1
CD006103_pub9 0 30811371 1
CD006103_pub9 0 30817018 1
CD006103_pub9 0 30847828 1
CD006103_pub9 0 31056710 1
CD006103_pub9 0 31082665 1
CD006103_pub9 0 31129603 1
CD006103_pub9 0 31188242 1
CD006103_pub9 0 31195244 1
CD006103_pub9 0 31240783 1
CD006103_pub9 0 31370981 1
CD006103_pub9 0 31388599 1
CD006103_pub9 0 31502736 1
CD006103_pub9 0 31609433 1
CD006103_pub9 0 31612956 1
CD006103_pub9 0 31783245 1
CD006103_pub9 0 31847536 1
CD006103_pub9 0 31854207 1
CD006103_pub9 0 31938877 1
CD006103_pub9 0 32055787 1
CD006103_pub9 0 32068562 1
CD006103_pub9 0 32348306 1
CD006103_pub9 0 32602170 1
CD006103_pub9 0 32686950 1
CD006103_pub9 0 32800078 1
CD006103_pub9 0 32888230 1
CD006103_pub9 0 32911350 1
CD006103_pub9 0 33069301 1
CD006103_pub9 0 33138708 1
CD006103_pub9 0 33219852 1
CD006103_pub9 0 33337436 1
CD006103_pub9 0 33464316 1
CD006103_pub9 0 33538831 1
CD006103_pub9 0 33659761 1
CD006103_pub9 0 33735416 1
CD006103_pub9 0 33761149 1
CD006103_pub9 0 33847362 1
CD006103_pub9 0 33885203 1
CD006103_pub9 0 33958864 1
CD006103_pub9 0 34037923 1
CD006103_pub9 0 34087351 1
CD006103_pub9 0 34112520 1
CD006103_pub9 0 34228066 1
CD006103_pub9 0 34636108 1
CD006103_pub9 0 34665204 1
CD006103_pub9 0 34859525 1
CD006103_pub9 0 35133411 1
CD006103_pub9 0 35151504 1
CD006103_pub9 0 35244704 1
CD006103_pub9 0 35287166 1
CD006103_pub9 0 35699705 1
CD006103_pub9 0 35908731 1
CD006103_pub9 0 3606829 1
CD006103_pub9 0 37142273 1
CD006103_pub9 0 38408207 1
CD006103_pub9 0 4645090 1
CD006103_pub9 0 6702122 1
CD006103_pub9 0 7934734 1
CD010216_pub9 0 10510989 1
CD010216_pub9 0 11072433 1
CD010216_pub9 0 11113486 1
CD010216_pub9 0 11605715 1
CD010216_pub9 0 12958120 1
CD010216_pub9 0 14678060 1
CD010216_pub9 0 16362402 1
CD010216_pub9 0 17222288 1
CD010216_pub9 0 19446968 1
CD010216_pub9 0 20132927 1
CD010216_pub9 0 20154061 1
CD010216_pub9 0 20168213 1
CD010216_pub9 0 20378585 1
CD010216_pub9 0 20554984 1
CD010216_pub9 0 20647410 1
CD010216_pub9 0 21592253 1
CD010216_pub9 0 21989407 1
CD010216_pub9 0 22229871 1
CD010216_pub9 0 22311962 1
CD010216_pub9 0 22529223 1
CD010216_pub9 0 22594651 1
CD010216_pub9 0 22813087 1
CD010216_pub9 0 23358230 1
CD010216_pub9 0 23415116 1
CD010216_pub9 0 23496861 1
CD010216_pub9 0 23497603 1
CD010216_pub9 0 23551515 1
CD010216_pub9 0 23826093 1
CD010216_pub9 0 23873169 1
CD010216_pub9 0 23986491 1
CD010216_pub9 0 24029165 1
CD010216_pub9 0 24049448 1
CD010216_pub9 0 24063569 1
CD010216_pub9 0 24148175 1
CD010216_pub9 0 24154511 1
CD010216_pub9 0 24345184 1
CD010216_pub9 0 24485579 1
CD010216_pub9 0 24629555 1
CD010216_pub9 0 24664434 1
CD010216_pub9 0 25078252 1
CD010216_pub9 0 25083263 1
CD010216_pub9 0 25122503 1
CD010216_pub9 0 25358095 1
CD010216_pub9 0 25380748 1
CD010216_pub9 0 25515689 1
CD010216_pub9 0 25683775 1
CD010216_pub9 0 25762758 1
CD010216_pub9 0 25811767 1
CD010216_pub9 0 25814920 1
CD010216_pub9 0 25880947 1
CD010216_pub9 0 25895951 1
CD010216_pub9 0 26045250 1
CD010216_pub9 0 26061661 1
CD010216_pub9 0 26184244 1
CD010216_pub9 0 26270297 1
CD010216_pub9 0 26333731 1
CD010216_pub9 0 26348280 1
CD010216_pub9 0 26422724 1
CD010216_pub9 0 26444980 1
CD010216_pub9 0 26696273 1
CD010216_pub9 0 26702788 1
CD010216_pub9 0 26712843 1
CD010216_pub9 0 26729619 1
CD010216_pub9 0 26749533 1
CD010216_pub9 0 26783292 1
CD010216_pub9 0 26834051 1
CD010216_pub9 0 26842790 1
CD010216_pub9 0 26929207 1
CD010216_pub9 0 26941050 1
CD010216_pub9 0 26959042 1
CD010216_pub9 0 27005984 1
CD010216_pub9 0 27043170 1
CD010216_pub9 0 27097389 1
CD010216_pub9 0 27235016 1
CD010216_pub9 0 27322745 1
CD010216_pub9 0 27543458 1
CD010216_pub9 0 27613880 1
CD010216_pub9 0 27613896 1
CD010216_pub9 0 27622384 1
CD010216_pub9 0 27769828 1
CD010216_pub9 0 27932811 1
CD010216_pub9 0 27942543 1
CD010216_pub9 0 28003511 1
CD010216_pub9 0 28070620 1
CD010216_pub9 0 28376818 1
CD010216_pub9 0 28454011 1
CD010216_pub9 0 28648969 1
CD010216_pub9 0 28718828 1
CD010216_pub9 0 29083287 1
CD010216_pub9 0 29127080 1
CD010216_pub9 0 29248487 1
CD010216_pub9 0 29272446 1
CD010216_pub9 0 29304395 1
CD010216_pub9 0 29335291 1
CD010216_pub9 0 29660034 1
CD010216_pub9 0 29791259 1
CD010216_pub9 0 29852054 1
CD010216_pub9 0 29853561 1
CD010216_pub9 0 29882257 1
CD010216_pub9 0 29921278 1
CD010216_pub9 0 29986786 1
CD010216_pub9 0 30006020 1
CD010216_pub9 0 30071863 1
CD010216_pub9 0 30203076 1
CD010216_pub9 0 30239904 1
CD010216_pub9 0 30280019 1
CD010216_pub9 0 30290121 1
CD010216_pub9 0 30365024 1
CD010216_pub9 0 30393015 1
CD010216_pub9 0 30500925 1
CD010216_pub9 0 30699054 1
CD010216_pub9 0 30808668 1
CD010216_pub9 0 30823395 1
CD010216_pub9 0 30924732 1
CD010216_pub9 0 31129603 1
CD010216_pub9 0 31166007 1
CD010216_pub9 0 31169077 1
CD010216_pub9 0 31171977 1
CD010216_pub9 0 31300577 1
CD010216_pub9 0 31338412 1
CD010216_pub9 0 31344110 1
CD010216_pub9 0 31349391 1
CD010216_pub9 0 31386973 1
CD010216_pub9 0 31388599 1
CD010216_pub9 0 31403695 1
CD010216_pub9 0 31434605 1
CD010216_pub9 0 31515173 1
CD010216_pub9 0 31565800 1
CD010216_pub9 0 31578724 1
CD010216_pub9 0 31597207 1
CD010216_pub9 0 31619441 1
CD010216_pub9 0 31691397 1
CD010216_pub9 0 31698920 1
CD010216_pub9 0 31730180 1
CD010216_pub9 0 31740017 1
CD010216_pub9 0 31779689 1
CD010216_pub9 0 31828315 1
CD010216_pub9 0 31838445 1
CD010216_pub9 0 31860793 1
CD010216_pub9 0 31860794 1
CD010216_pub9 0 31891141 1
CD010216_pub9 0 31956726 1
CD010216_pub9 0 31992902 1
CD010216_pub9 0 31994254 1
CD010216_pub9 0 32003818 1
CD010216_pub9 0 32192941 1
CD010216_pub9 0 32343994 1
CD010216_pub9 0 32355323 1
CD010216_pub9 0 32389072 1
CD010216_pub9 0 32462131 1
CD010216_pub9 0 32539148 1
CD010216_pub9 0 32713105 1
CD010216_pub9 0 32912948 1
CD010216_pub9 0 32939543 1
CD010216_pub9 0 33046080 1
CD010216_pub9 0 33052602 1
CD010216_pub9 0 33095798 1
CD010216_pub9 0 33170240 1
CD010216_pub9 0 33206193 1
CD010216_pub9 0 33230755 1
CD010216_pub9 0 33351653 1
CD010216_pub9 0 33411338 1
CD010216_pub9 0 33430407 1
CD010216_pub9 0 33456434 1
CD010216_pub9 0 33464342 1
CD010216_pub9 0 33552927 1
CD010216_pub9 0 33619197 1
CD010216_pub9 0 33660555 1
CD010216_pub9 0 33723598 1
CD010216_pub9 0 33756301 1
CD010216_pub9 0 33762429 1
CD010216_pub9 0 33798919 1
CD010216_pub9 0 33837422 1
CD010216_pub9 0 33857436 1
CD010216_pub9 0 33906842 1
CD010216_pub9 0 33913154 1
CD010216_pub9 0 33988520 1
CD010216_pub9 0 34105208 1
CD010216_pub9 0 34128486 1
CD010216_pub9 0 34175001 1
CD010216_pub9 0 34187081 1
CD010216_pub9 0 34193288 1
CD010216_pub9 0 34193499 1
CD010216_pub9 0 34284312 1
CD010216_pub9 0 34435305 1
CD010216_pub9 0 34519354 1
CD010216_pub9 0 34536632 1
CD010216_pub9 0 34636108 1
CD010216_pub9 0 34669956 1
CD010216_pub9 0 34749706 1
CD010216_pub9 0 34753488 1
CD010216_pub9 0 34789542 1
CD010216_pub9 0 34827200 1
CD010216_pub9 0 34850164 1
CD010216_pub9 0 34859526 1
CD010216_pub9 0 34877438 1
CD010216_pub9 0 34929031 1
CD010216_pub9 0 34985167 1
CD010216_pub9 0 34991693 1
CD010216_pub9 0 35022796 1
CD010216_pub9 0 35134961 1
CD010216_pub9 0 35194862 1
CD010216_pub9 0 35351805 1
CD010216_pub9 0 35363874 1
CD010216_pub9 0 35380498 1
CD010216_pub9 0 35405479 1
CD010216_pub9 0 35430631 1
CD010216_pub9 0 35491736 1
CD010216_pub9 0 35575085 1
CD010216_pub9 0 35577966 1
CD010216_pub9 0 35614523 1
CD010216_pub9 0 35688421 1
CD010216_pub9 0 35738868 1
CD010216_pub9 0 35742698 1
CD010216_pub9 0 35752091 1
CD010216_pub9 0 35820869 1
CD010216_pub9 0 35869375 1
CD010216_pub9 0 35933001 1
CD010216_pub9 0 35971150 1
CD010216_pub9 0 35990084 1
CD010216_pub9 0 35995103 1
CD010216_pub9 0 36065820 1
CD010216_pub9 0 36104702 1
CD010216_pub9 0 36208090 1
CD010216_pub9 0 36316290 1
CD010216_pub9 0 36344702 1
CD010216_pub9 0 36384212 1
CD010216_pub9 0 36399154 1
CD010216_pub9 0 36421329 1
CD010216_pub9 0 36450821 1
CD010216_pub9 0 36638679 1
CD010216_pub9 0 36657751 1
CD010216_pub9 0 36727168 1
CD010216_pub9 0 36857841 1
CD010216_pub9 0 36939271 1
CD010216_pub9 0 37012981 1
CD010216_pub9 0 37014673 1
CD010216_pub9 0 37088177 1
CD010216_pub9 0 37142273 1
CD010216_pub9 0 37148992 1
CD010216_pub9 0 37335995 1
CD010216_pub9 0 37455014 1
CD010216_pub9 0 37458789 1
CD010216_pub9 0 37505530 1
CD010216_pub9 0 37526741 1
CD010216_pub9 0 37619211 1
CD010216_pub9 0 37696529 1
CD010216_pub9 0 37697327 1
CD010216_pub9 0 37753443 1
CD010216_pub9 0 37821220 1
CD010216_pub9 0 37832989 1
CD010216_pub9 0 37840301 1
CD010216_pub9 0 37999870 1
CD010216_pub9 0 38127516 1
CD010216_pub9 0 38167206 1
CD010216_pub9 0 38189560 1
CD010216_pub9 0 38229538 1
CD010216_pub9 0 38285562 1
CD010216_pub9 0 38354139 1
CD010216_pub9 0 38443079 1
CD010216_pub9 0 38531658 1
CD010216_pub9 0 39070753 1
CD010216_pub9 0 39878158 1
CD010216_pub9 0 4059314 1
CD010216_pub9 0 7750331 1
CD010216_pub9 0 8033760 1
CD010216_pub9 0 8261886 1
CD010216_pub9 0 8469698 1
CD010216_pub9 0 8808137 1
CD013862_pub3 0 11468499 1
CD013862_pub3 0 11838889 1
CD013862_pub3 0 12594199 1
CD013862_pub3 0 12958120 1
CD013862_pub3 0 14564933 1
CD013862_pub3 0 15617616 1
CD013862_pub3 0 15870664 1
CD013862_pub3 0 15958357 1
CD013862_pub3 0 16161087 1
CD013862_pub3 0 17030973 1
CD013862_pub3 0 17383271 1
CD013862_pub3 0 17493564 1
CD013862_pub3 0 17663296 1
CD013862_pub3 0 17713847 1
CD013862_pub3 0 18155988 1
CD013862_pub3 0 18451770 1
CD013862_pub3 0 18701236 1
CD013862_pub3 0 19064504 1
CD013862_pub3 0 19296055 1
CD013862_pub3 0 19303675 1
CD013862_pub3 0 19335890 1
CD013862_pub3 0 19573051 1
CD013862_pub3 0 19622551 1
CD013862_pub3 0 19642959 1
CD013862_pub3 0 19650964 1
CD013862_pub3 0 19736554 1
CD013862_pub3 0 20630163 1
CD013862_pub3 0 20668950 1
CD013862_pub3 0 21047434 1
CD013862_pub3 0 21193852 1
CD013862_pub3 0 21195583 1
CD013862_pub3 0 21244862 1
CD013862_pub3 0 21443997 1
CD013862_pub3 0 21859516 1
CD013862_pub3 0 21924957 1
CD013862_pub3 0 21951353 1
CD013862_pub3 0 21998346 1
CD013862_pub3 0 22308855 1
CD013862_pub3 0 22309069 1
CD013862_pub3 0 22397833 1
CD013862_pub3 0 22425616 1
CD013862_pub3 0 22516482 1
CD013862_pub3 0 22546262 1
CD013862_pub3 0 22730932 1
CD013862_pub3 0 22732458 1
CD013862_pub3 0 23062403 1
CD013862_pub3 0 23110783 1
CD013862_pub3 0 23194185 1
CD013862_pub3 0 23343323 1
CD013862_pub3 0 23356862 1
CD013862_pub3 0 23515212 1
CD013862_pub3 0 23532990 1
CD013862_pub3 0 23547765 1
CD013862_pub3 0 23597235 1
CD013862_pub3 0 23701835 1
CD013862_pub3 0 23790990 1
CD013862_pub3 0 23795857 1
CD013862_pub3 0 24065371 1
CD013862_pub3 0 24200332 1
CD013862_pub3 0 24433126 1
CD013862_pub3 0 24580983 1
CD013862_pub3 0 24621661 1
CD013862_pub3 0 24662896 1
CD013862_pub3 0 24737131 1
CD013862_pub3 0 24742978 1
CD013862_pub3 0 25007060 1
CD013862_pub3 0 25047374 1
CD013862_pub3 0 25172069 1
CD013862_pub3 0 25208008 1
CD013862_pub3 0 25218879 1
CD013862_pub3 0 25460337 1
CD013862_pub3 0 25874120 1
CD013862_pub3 0 26312015 1
CD013862_pub3 0 26345462 1
CD013862_pub3 0 26385162 1
CD013862_pub3 0 26429075 1
CD013862_pub3 0 26498746 1
CD013862_pub3 0 26561382 1
CD013862_pub3 0 26654726 1
CD013862_pub3 0 26771119 1
CD013862_pub3 0 26777469 1
CD013862_pub3 0 26876631 1
CD013862_pub3 0 26896112 1
CD013862_pub3 0 26987876 1
CD013862_pub3 0 27053273 1
CD013862_pub3 0 27064274 1
CD013862_pub3 0 27068684 1
CD013862_pub3 0 27222162 1
CD013862_pub3 0 27244222 1
CD013862_pub3 0 27301484 1
CD013862_pub3 0 27338218 1
CD013862_pub3 0 27419040 1
CD013862_pub3 0 27457651 1
CD013862_pub3 0 27630110 1
CD013862_pub3 0 27793201 1
CD013862_pub3 0 27924501 1
CD013862_pub3 0 27979753 1
CD013862_pub3 0 27995831 1
CD013862_pub3 0 28028319 1
CD013862_pub3 0 28093091 1
CD013862_pub3 0 28103861 1
CD013862_pub3 0 28187722 1
CD013862_pub3 0 28202412 1
CD013862_pub3 0 28284191 1
CD013862_pub3 0 28303253 1
CD013862_pub3 0 28320705 1
CD013862_pub3 0 28454800 1
CD013862_pub3 0 28503022 1
CD013862_pub3 0 28557722 1
CD013862_pub3 0 28632874 1
CD013862_pub3 0 28699045 1
CD013862_pub3 0 28893755 1
CD013862_pub3 0 29017905 1
CD013862_pub3 0 29079478 1
CD013862_pub3 0 29128650 1
CD013862_pub3 0 29158150 1
CD013862_pub3 0 29162057 1
CD013862_pub3 0 29173218 1
CD013862_pub3 0 29320996 1
CD013862_pub3 0 29421198 1
CD013862_pub3 0 29494537 1
CD013862_pub3 0 29601921 1
CD013862_pub3 0 30004247 1
CD013862_pub3 0 30007401 1
CD013862_pub3 0 30115230 1
CD013862_pub3 0 30281073 1
CD013862_pub3 0 30290205 1
CD013862_pub3 0 30368450 1
CD013862_pub3 0 30391226 1
CD013862_pub3 0 30417473 1
CD013862_pub3 0 30550775 1
CD013862_pub3 0 30578226 1
CD013862_pub3 0 30630109 1
CD013862_pub3 0 30777080 1
CD013862_pub3 0 30845936 1
CD013862_pub3 0 30909715 1
CD013862_pub3 0 30954305 1
CD013862_pub3 0 30975106 1
CD013862_pub3 0 30999881 1
CD013862_pub3 0 31023422 1
CD013862_pub3 0 31036038 1
CD013862_pub3 0 31060275 1
CD013862_pub3 0 31078191 1
CD013862_pub3 0 31179916 1
CD013862_pub3 0 31229396 1
CD013862_pub3 0 31303190 1
CD013862_pub3 0 31321204 1
CD013862_pub3 0 31332776 1
CD013862_pub3 0 31337047 1
CD013862_pub3 0 31343857 1
CD013862_pub3 0 31378647 1
CD013862_pub3 0 31378648 1
CD013862_pub3 0 31409342 1
CD013862_pub3 0 31470886 1
CD013862_pub3 0 31494058 1
CD013862_pub3 0 31525490 1
CD013862_pub3 0 31675942 1
CD013862_pub3 0 31711912 1
CD013862_pub3 0 31728203 1
CD013862_pub3 0 31752917 1
CD013862_pub3 0 31805973 1
CD013862_pub3 0 31830926 1
CD013862_pub3 0 31899253 1
CD013862_pub3 0 31902132 1
CD013862_pub3 0 31917129 1
CD013862_pub3 0 31937362 1
CD013862_pub3 0 31948937 1
CD013862_pub3 0 32036618 1
CD013862_pub3 0 32091593 1
CD013862_pub3 0 32306943 1
CD013862_pub3 0 32383429 1
CD013862_pub3 0 32449203 1
CD013862_pub3 0 32610487 1
CD013862_pub3 0 32859118 1
CD013862_pub3 0 32942598 1
CD013862_pub3 0 32945037 1
CD013862_pub3 0 32947578 1
CD013862_pub3 0 32959370 1
CD013862_pub3 0 33013212 1
CD013862_pub3 0 33036371 1
CD013862_pub3 0 33231679 1
CD013862_pub3 0 33292720 1
CD013862_pub3 0 33354492 1
CD013862_pub3 0 33413491 1
CD013862_pub3 0 33478165 1
CD013862_pub3 0 33549836 1
CD013862_pub3 0 33632330 1
CD013862_pub3 0 33836215 1
CD013862_pub3 0 33853802 1
CD013862_pub3 0 33933130 1
CD013862_pub3 0 33985467 1
CD013862_pub3 0 34298547 1
CD013862_pub3 0 34702425 1
CD013862_pub3 0 34776826 1
CD013862_pub3 0 34857552 1
CD013862_pub3 0 34914617 1
CD013862_pub3 0 34948677 1
CD013862_pub3 0 34982718 1
CD013862_pub3 0 35142711 1
CD013862_pub3 0 35206167 1
CD013862_pub3 0 35297768 1
CD013862_pub3 0 35428298 1
CD013862_pub3 0 35927469 1
CD013862_pub3 0 37606067 1
CD013862_pub3 0 9578999 1
CD013862_pub3 0 9614255 1
CD014160_pub2 0 11420320 1
CD014160_pub2 0 1163358 1
CD014160_pub2 0 12230898 1
CD014160_pub2 0 12467083 1
CD014160_pub2 0 14600535 1
CD014160_pub2 0 15349795 1
CD014160_pub2 0 15464271 1
CD014160_pub2 0 16099045 1
CD014160_pub2 0 16106605 1
CD014160_pub2 0 16393878 1
CD014160_pub2 0 17615092 1
CD014160_pub2 0 18165830 1
CD014160_pub2 0 18803496 1
CD014160_pub2 0 18992788 1
CD014160_pub2 0 19109766 1
CD014160_pub2 0 19344048 1
CD014160_pub2 0 19622552 1
CD014160_pub2 0 19631508 1
CD014160_pub2 0 19692803 1
CD014160_pub2 0 21349059 1
CD014160_pub2 0 21982805 1
CD014160_pub2 0 22141917 1
CD014160_pub2 0 22291123 1
CD014160_pub2 0 22461842 1
CD014160_pub2 0 22462236 1
CD014160_pub2 0 22609430 1
CD014160_pub2 0 22619693 1
CD014160_pub2 0 22666295 1
CD014160_pub2 0 22682006 1
CD014160_pub2 0 23187048 1
CD014160_pub2 0 23304215 1
CD014160_pub2 0 23440822 1
CD014160_pub2 0 23479191 1
CD014160_pub2 0 23665887 1
CD014160_pub2 0 23920052 1
CD014160_pub2 0 24078899 1
CD014160_pub2 0 24693326 1
CD014160_pub2 0 24761178 1
CD014160_pub2 0 25070299 1
CD014160_pub2 0 25303949 1
CD014160_pub2 0 25354241 1
CD014160_pub2 0 25913111 1
CD014160_pub2 0 26504123 1
CD014160_pub2 0 26823672 1
CD014160_pub2 0 26867822 1
CD014160_pub2 0 27486672 1
CD014160_pub2 0 27607517 1
CD014160_pub2 0 27636695 1
CD014160_pub2 0 27802529 1
CD014160_pub2 0 27994492 1
CD014160_pub2 0 28002062 1
CD014160_pub2 0 29263121 1
CD014160_pub2 0 29769809 1
CD014160_pub2 0 31140978 1
CD014160_pub2 0 31383448 1
CD014160_pub2 0 31462446 1
CD014160_pub2 0 31711912 1
CD014160_pub2 0 32635829 1
CD014160_pub2 0 32695647 1
CD014160_pub2 0 33106341 1
CD014160_pub2 0 33762918 1
CD014160_pub2 0 33766722 1
CD014160_pub2 0 34002380 1
CD014160_pub2 0 34231914 1
CD014160_pub2 0 35269431 1
CD014160_pub2 0 39981752 1
CD014160_pub2 0 9310563 1
CD014226_pub2 0 10826454 1
CD014226_pub2 0 11491192 1
CD014226_pub2 0 12469040 1
CD014226_pub2 0 1468842 1
CD014226_pub2 0 15205295 1
CD014226_pub2 0 15210603 1
CD014226_pub2 0 15234707 1
CD014226_pub2 0 15978925 1
CD014226_pub2 0 15978926 1
CD014226_pub2 0 17127084 1
CD014226_pub2 0 17154710 1
CD014226_pub2 0 17514693 1
CD014226_pub2 0 19304678 1
CD014226_pub2 0 19622552 1
CD014226_pub2 0 20081762 1
CD014226_pub2 0 21326529 1
CD014226_pub2 0 21326798 1
CD014226_pub2 0 22183704 1
CD014226_pub2 0 22222802 1
CD014226_pub2 0 24399331 1
CD014226_pub2 0 24417826 1
CD014226_pub2 0 25170271 1
CD014226_pub2 0 25240242 1
CD014226_pub2 0 26100447 1
CD014226_pub2 0 27743617 1
CD014226_pub2 0 28662928 1
CD014226_pub2 0 31009709 1
CD014226_pub2 0 31147120 1
CD014226_pub2 0 31290986 1
CD014226_pub2 0 31592091 1
CD014226_pub2 0 31899100 1
CD014226_pub2 0 32273226 1
CD014226_pub2 0 32407016 1
CD014226_pub2 0 32473343 1
CD014226_pub2 0 32473347 1
CD014226_pub2 0 32933823 1
CD014226_pub2 0 34019983 1
CD014226_pub2 0 36155157 1
CD014226_pub2 0 36183333 1
CD014226_pub2 0 36431257 1
CD014226_pub2 0 38428672 1
CD014226_pub2 0 39267950 1
CD014226_pub2 0 40433852 1
CD014226_pub2 0 686902 1
CD014226_pub2 0 9185003 1
CD014612_pub2 0 12958120 1
CD014612_pub2 0 17059733 1
CD014612_pub2 0 17132415 1
CD014612_pub2 0 19621072 1
CD014612_pub2 0 19622552 1
CD014612_pub2 0 21126922 1
CD014612_pub2 0 24947625 1
CD014612_pub2 0 25480607 1
CD014612_pub2 0 25708572 1
CD014612_pub2 0 26003892 1
CD014612_pub2 0 26456394 1
CD014612_pub2 0 26659861 1
CD014612_pub2 0 26895675 1
CD014612_pub2 0 27189352 1
CD014612_pub2 0 28676957 1
CD014612_pub2 0 30167987 1
CD014612_pub2 0 30747629 1
CD014612_pub2 0 31125004 1
CD014612_pub2 0 31462531 1
CD014612_pub2 0 31948937 1
CD014612_pub2 0 32178649 1
CD014612_pub2 0 32270276 1
CD014612_pub2 0 33711136 1
CD014612_pub2 0 33947376 1
CD014612_pub2 0 34739599 1
CD014612_pub2 0 34813038 1
CD014612_pub2 0 35129527 1
CD014612_pub2 0 37162714 1
CD014612_pub2 0 37163240 1
CD014612_pub2 0 40197535 1
CD014612_pub2 0 9310563 1
CD015592_pub3 0 12437706 1
CD015592_pub3 0 14600535 1
CD015592_pub3 0 14770046 1
CD015592_pub3 0 15121964 1
CD015592_pub3 0 15290485 1
CD015592_pub3 0 16299876 1
CD015592_pub3 0 16510670 1
CD015592_pub3 0 18165830 1
CD015592_pub3 0 18180641 1
CD015592_pub3 0 18989240 1
CD015592_pub3 0 19076571 1
CD015592_pub3 0 19621070 1
CD015592_pub3 0 22684159 1
CD015592_pub3 0 23316895 1
CD015592_pub3 0 23408712 1
CD015592_pub3 0 23479191 1
CD015592_pub3 0 23603648 1
CD015592_pub3 0 24491511 1
CD015592_pub3 0 25063721 1
CD015592_pub3 0 26417957 1
CD015592_pub3 0 27005575 1
CD015592_pub3 0 27856020 1
CD015592_pub3 0 29248383 1
CD015592_pub3 0 31609437 1
CD015592_pub3 0 32002614 1
CD015592_pub3 0 32117835 1
CD015592_pub3 0 32295554 1
CD015592_pub3 0 32680615 1
CD015592_pub3 0 34211946 1
CD015592_pub3 0 34980050 1
CD015592_pub3 0 35616073 1
CD015592_pub3 0 36460015 1
CD015592_pub3 0 37767875 1
CD015592_pub3 0 38096386 1
CD015592_pub3 0 5423940 1
CD015592_pub3 0 576154 1
CD015592_pub3 0 6401357 1
CD015592_pub3 0 6637909 1
CD015592_pub3 0 8413140 1
CD015592_pub3 0 8424014 1
CD015592_pub3 0 8722730 1
CD015592_pub3 0 9220806 1
CD015592_pub3 0 9295899 1
CD015592_pub3 0 9310563 1
CD015701_pub2 0 17415053 1
CD015701_pub2 0 19622552 1
CD015701_pub2 0 19903932 1
CD015701_pub2 0 22208452 1
CD015701_pub2 0 23303434 1
CD015701_pub2 0 24844211 1
CD015701_pub2 0 25282162 1
CD015701_pub2 0 25319189 1
CD015701_pub2 0 25578825 1
CD015701_pub2 0 26276245 1
CD015701_pub2 0 26334626 1
CD015701_pub2 0 26423546 1
CD015701_pub2 0 27030698 1
CD015701_pub2 0 27091008 1
CD015701_pub2 0 27836505 1
CD015701_pub2 0 28381443 1
CD015701_pub2 0 29856848 1
CD015701_pub2 0 30629648 1
CD015701_pub2 0 31204114 1
CD015701_pub2 0 31306167 1
CD015701_pub2 0 31462531 1
CD015701_pub2 0 31919239 1
CD015701_pub2 0 31919240 1
CD015701_pub2 0 31948937 1
CD015701_pub2 0 33034421 1
CD015701_pub2 0 33208512 1
CD015701_pub2 0 33782057 1
CD015701_pub2 0 33980195 1
CD015701_pub2 0 35001515 1
CD015701_pub2 0 35105635 1
CD015701_pub2 0 35271867 1
CD015701_pub2 0 35934266 1
CD015701_pub2 0 37427260 1
CD015701_pub2 0 38530848 1
CD015701_pub2 0 40476466 1
CD015701_pub2 0 8837605 1
CD015701_pub2 0 9310563 1
CD015705_pub2 0 16872487 1
CD015705_pub2 0 17375230 1
CD015705_pub2 0 17880693 1
CD015705_pub2 0 18616818 1
CD015705_pub2 0 19671152 1
CD015705_pub2 0 19699570 1
CD015705_pub2 0 21875849 1
CD015705_pub2 0 23777890 1
CD015705_pub2 0 25175291 1
CD015705_pub2 0 25298819 1
CD015705_pub2 0 27136280 1
CD015705_pub2 0 27273025 1
CD015705_pub2 0 27476501 1
CD015705_pub2 0 27605725 1
CD015705_pub2 0 27697234 1
CD015705_pub2 0 27925381 1
CD015705_pub2 0 28752519 1
CD015705_pub2 0 29335160 1
CD015705_pub2 0 29384079 1
CD015705_pub2 0 30064424 1
CD015705_pub2 0 30459525 1
CD015705_pub2 0 30856217 1
CD015705_pub2 0 30982950 1
CD015705_pub2 0 31203515 1
CD015705_pub2 0 31278013 1
CD015705_pub2 0 31391071 1
CD015705_pub2 0 31608981 1
CD015705_pub2 0 31727150 1
CD015705_pub2 0 31928163 1
CD015705_pub2 0 31952495 1
CD015705_pub2 0 32061280 1
CD015705_pub2 0 32216074 1
CD015705_pub2 0 32779730 1
CD015705_pub2 0 32813276 1
CD015705_pub2 0 32813281 1
CD015705_pub2 0 33487104 1
CD015705_pub2 0 33539585 1
CD015705_pub2 0 33781993 1
CD015705_pub2 0 33782057 1
CD015705_pub2 0 33814676 1
CD015705_pub2 0 34271590 1
CD015705_pub2 0 34282603 1
CD015705_pub2 0 34314020 1
CD015705_pub2 0 34345771 1
CD015705_pub2 0 34345781 1
CD015705_pub2 0 34568642 1
CD015705_pub2 0 39189465 1
CD015705_pub2 0 40231271 1
CD015749_pub2 0 10208143 1
CD015749_pub2 0 12148109 1
CD015749_pub2 0 14711465 1
CD015749_pub2 0 15112279 1
CD015749_pub2 0 15197210 1
CD015749_pub2 0 15292850 1
CD015749_pub2 0 15764956 1
CD015749_pub2 0 16837638 1
CD015749_pub2 0 17699207 1
CD015749_pub2 0 18262758 1
CD015749_pub2 0 18453365 1
CD015749_pub2 0 18718696 1
CD015749_pub2 0 19582484 1
CD015749_pub2 0 19622552 1
CD015749_pub2 0 19705518 1
CD015749_pub2 0 19819724 1
CD015749_pub2 0 19912306 1
CD015749_pub2 0 19950325 1
CD015749_pub2 0 20060626 1
CD015749_pub2 0 20154608 1
CD015749_pub2 0 20156909 1
CD015749_pub2 0 20188315 1
CD015749_pub2 0 20368909 1
CD015749_pub2 0 21296615 1
CD015749_pub2 0 21420558 1
CD015749_pub2 0 21621634 1
CD015749_pub2 0 21784880 1
CD015749_pub2 0 22047681 1
CD015749_pub2 0 22111896 1
CD015749_pub2 0 22198049 1
CD015749_pub2 0 22513961 1
CD015749_pub2 0 22563468 1
CD015749_pub2 0 22831159 1
CD015749_pub2 0 23031071 1
CD015749_pub2 0 23111703 1
CD015749_pub2 0 23520905 1
CD015749_pub2 0 23539127 1
CD015749_pub2 0 23543530 1
CD015749_pub2 0 23748819 1
CD015749_pub2 0 23845384 1
CD015749_pub2 0 24157716 1
CD015749_pub2 0 24279747 1
CD015749_pub2 0 24569913 1
CD015749_pub2 0 24609605 1
CD015749_pub2 0 24877061 1
CD015749_pub2 0 25106703 1
CD015749_pub2 0 25126097 1
CD015749_pub2 0 25935741 1
CD015749_pub2 0 26061376 1
CD015749_pub2 0 26083652 1
CD015749_pub2 0 26404858 1
CD015749_pub2 0 26558899 1
CD015749_pub2 0 26675232 1
CD015749_pub2 0 26890997 1
CD015749_pub2 0 26901573 1
CD015749_pub2 0 27334146 1
CD015749_pub2 0 27510532 1
CD015749_pub2 0 27891294 1
CD015749_pub2 0 28529552 1
CD015749_pub2 0 28608438 1
CD015749_pub2 0 28614627 1
CD015749_pub2 0 28651827 1
CD015749_pub2 0 28924269 1
CD015749_pub2 0 29089899 1
CD015749_pub2 0 29440149 1
CD015749_pub2 0 29470825 1
CD015749_pub2 0 29489032 1
CD015749_pub2 0 29916205 1
CD015749_pub2 0 30180745 1
CD015749_pub2 0 30181091 1
CD015749_pub2 0 30334618 1
CD015749_pub2 0 30449195 1
CD015749_pub2 0 30461213 1
CD015749_pub2 0 30461449 1
CD015749_pub2 0 30464312 1
CD015749_pub2 0 30482179 1
CD015749_pub2 0 30497786 1
CD015749_pub2 0 30526137 1
CD015749_pub2 0 30637985 1
CD015749_pub2 0 30661630 1
CD015749_pub2 0 30685983 1
CD015749_pub2 0 30944994 1
CD015749_pub2 0 30977979 1
CD015749_pub2 0 31259217 1
CD015749_pub2 0 31420233 1
CD015749_pub2 0 31642200 1
CD015749_pub2 0 31737350 1
CD015749_pub2 0 31816924 1
CD015749_pub2 0 31895232 1
CD015749_pub2 0 31948937 1
CD015749_pub2 0 32124164 1
CD015749_pub2 0 32432946 1
CD015749_pub2 0 32970097 1
CD015749_pub2 0 33012131 1
CD015749_pub2 0 33038282 1
CD015749_pub2 0 33173285 1
CD015749_pub2 0 33585533 1
CD015749_pub2 0 33640205 1
CD015749_pub2 0 33735441 1
CD015749_pub2 0 33971783 1
CD015749_pub2 0 34144781 1
CD015749_pub2 0 34306422 1
CD015749_pub2 0 34461588 1
CD015749_pub2 0 34527775 1
CD015749_pub2 0 34612012 1
CD015749_pub2 0 34801415 1
CD015749_pub2 0 34832866 1
CD015749_pub2 0 34857251 1
CD015749_pub2 0 34966115 1
CD015749_pub2 0 35301816 1
CD015749_pub2 0 35410294 1
CD015749_pub2 0 35441765 1
CD015749_pub2 0 36055378 1
CD015749_pub2 0 36118624 1
CD015749_pub2 0 36327348 1
CD015749_pub2 0 36331152 1
CD015749_pub2 0 36496207 1
CD015749_pub2 0 36553868 1
CD015749_pub2 0 37467399 1
CD015749_pub2 0 37671529 1
CD015749_pub2 0 3802833 1
CD015749_pub2 0 38700712 1
CD015749_pub2 0 39328835 1
CD015749_pub2 0 40130780 1
CD015749_pub2 0 8126356 1
CD015749_pub2 0 9095563 1
CD015749_pub2 0 9310563 1
CD015751_pub2 0 10524786 1
CD015751_pub2 0 11473162 1
CD015751_pub2 0 12477016 1
CD015751_pub2 0 12769155 1
CD015751_pub2 0 15825529 1
CD015751_pub2 0 16303342 1
CD015751_pub2 0 16448840 1
CD015751_pub2 0 16565363 1
CD015751_pub2 0 16636704 1
CD015751_pub2 0 18708259 1
CD015751_pub2 0 18723141 1
CD015751_pub2 0 20169046 1
CD015751_pub2 0 20302969 1
CD015751_pub2 0 2049819 1
CD015751_pub2 0 20832350 1
CD015751_pub2 0 21214414 1
CD015751_pub2 0 21298628 1
CD015751_pub2 0 21498609 1
CD015751_pub2 0 22650150 1
CD015751_pub2 0 22960615 1
CD015751_pub2 0 2335704 1
CD015751_pub2 0 24058130 1
CD015751_pub2 0 24058131 1
CD015751_pub2 0 24058133 1
CD015751_pub2 0 24058135 1
CD015751_pub2 0 24058139 1
CD015751_pub2 0 24552755 1
CD015751_pub2 0 2626249 1
CD015751_pub2 0 26488155 1
CD015751_pub2 0 26525084 1
CD015751_pub2 0 27094372 1
CD015751_pub2 0 27131891 1
CD015751_pub2 0 27254807 1
CD015751_pub2 0 27331150 1
CD015751_pub2 0 27668490 1
CD015751_pub2 0 27841790 1
CD015751_pub2 0 28736337 1
CD015751_pub2 0 28797892 1
CD015751_pub2 0 28939265 1
CD015751_pub2 0 28945652 1
CD015751_pub2 0 30046817 1
CD015751_pub2 0 30128547 1
CD015751_pub2 0 30321605 1
CD015751_pub2 0 30425447 1
CD015751_pub2 0 31447543 1
CD015751_pub2 0 31462531 1
CD015751_pub2 0 31727514 1
CD015751_pub2 0 32169321 1
CD015751_pub2 0 32409235 1
CD015751_pub2 0 32612403 1
CD015751_pub2 0 32612404 1
CD015751_pub2 0 33284229 1
CD015751_pub2 0 33775382 1
CD015751_pub2 0 33782057 1
CD015751_pub2 0 34590267 1
CD015751_pub2 0 34840071 1
CD015751_pub2 0 34955427 1
CD015751_pub2 0 35857328 1
CD015751_pub2 0 35950413 1
CD015751_pub2 0 37149139 1
CD015751_pub2 0 39234924 1
CD015751_pub2 0 8565197 1
CD015751_pub2 0 9310563 1
CD015751_pub2 0 9323733 1
CD015786_pub2 0 11551129 1
CD015786_pub2 0 12711737 1
CD015786_pub2 0 16546813 1
CD015786_pub2 0 16579829 1
CD015786_pub2 0 16977653 1
CD015786_pub2 0 17347128 1
CD015786_pub2 0 17443533 1
CD015786_pub2 0 17505452 1
CD015786_pub2 0 17640720 1
CD015786_pub2 0 18947861 1
CD015786_pub2 0 19033573 1
CD015786_pub2 0 19070889 1
CD015786_pub2 0 19450175 1
CD015786_pub2 0 19509566 1
CD015786_pub2 0 19893425 1
CD015786_pub2 0 20091639 1
CD015786_pub2 0 20188410 1
CD015786_pub2 0 20422422 1
CD015786_pub2 0 21136177 1
CD015786_pub2 0 22100903 1
CD015786_pub2 0 22396619 1
CD015786_pub2 0 22419290 1
CD015786_pub2 0 23800699 1
CD015786_pub2 0 23932376 1
CD015786_pub2 0 24361787 1
CD015786_pub2 0 24472048 1
CD015786_pub2 0 24475571 1
CD015786_pub2 0 24663048 1
CD015786_pub2 0 24970683 1
CD015786_pub2 0 25340293 1
CD015786_pub2 0 25386859 1
CD015786_pub2 0 25450151 1
CD015786_pub2 0 25505230 1
CD015786_pub2 0 25549990 1
CD015786_pub2 0 26244758 1
CD015786_pub2 0 26387863 1
CD015786_pub2 0 26905211 1
CD015786_pub2 0 27871836 1
CD015786_pub2 0 28067947 1
CD015786_pub2 0 28968482 1
CD015786_pub2 0 28981739 1
CD015786_pub2 0 29058141 1
CD015786_pub2 0 29439179 1
CD015786_pub2 0 30253217 1
CD015786_pub2 0 30306580 1
CD015786_pub2 0 30640685 1
CD015786_pub2 0 30670455 1
CD015786_pub2 0 30811909 1
CD015786_pub2 0 30952370 1
CD015786_pub2 0 31757464 1
CD015786_pub2 0 31780238 1
CD015786_pub2 0 31953348 1
CD015786_pub2 0 32938592 1
CD015786_pub2 0 32981697 1
CD015786_pub2 0 33087246 1
CD015786_pub2 0 33171275 1
CD015786_pub2 0 33397713 1
CD015786_pub2 0 33520696 1
CD015786_pub2 0 33782057 1
CD015786_pub2 0 33869716 1
CD015786_pub2 0 34022445 1
CD015786_pub2 0 34085796 1
CD015786_pub2 0 34106467 1
CD015786_pub2 0 34226291 1
CD015786_pub2 0 34728527 1
CD015786_pub2 0 34750199 1
CD015786_pub2 0 35065448 1
CD015786_pub2 0 35224545 1
CD015786_pub2 0 35236752 1
CD015786_pub2 0 35397864 1
CD015786_pub2 0 35696722 1
CD015786_pub2 0 36047376 1
CD015786_pub2 0 36357562 1
CD015786_pub2 0 3652025 1
CD015786_pub2 0 36801150 1
CD015786_pub2 0 37696217 1
CD015786_pub2 0 37699707 1
CD015786_pub2 0 3802833 1
CD015786_pub2 0 38572751 1
CD015786_pub2 0 38658017 1
CD015786_pub2 0 39153831 1
CD015786_pub2 0 40492478 1
CD015786_pub2 0 7821843 1
CD015786_pub2 0 9887227 1
CD015786_pub2 0 9921604 1
CD015802_pub2 0 11325321 1
CD015802_pub2 0 11401896 1
CD015802_pub2 0 15520112 1
CD015802_pub2 0 1576327 1
CD015802_pub2 0 16707748 1
CD015802_pub2 0 17615092 1
CD015802_pub2 0 17989382 1
CD015802_pub2 0 17989390 1
CD015802_pub2 0 19057373 1
CD015802_pub2 0 19218032 1
CD015802_pub2 0 19622552 1
CD015802_pub2 0 21173002 1
CD015802_pub2 0 21481418 1
CD015802_pub2 0 21986336 1
CD015802_pub2 0 22253394 1
CD015802_pub2 0 22262986 1
CD015802_pub2 0 22484473 1
CD015802_pub2 0 2279048 1
CD015802_pub2 0 23440789 1
CD015802_pub2 0 23479191 1
CD015802_pub2 0 23720269 1
CD015802_pub2 0 24445955 1
CD015802_pub2 0 24627654 1
CD015802_pub2 0 24803984 1
CD015802_pub2 0 25016674 1
CD015802_pub2 0 25758005 1
CD015802_pub2 0 26348753 1
CD015802_pub2 0 26562367 1
CD015802_pub2 0 26566480 1
CD015802_pub2 0 26593077 1
CD015802_pub2 0 26628729 1
CD015802_pub2 0 26866610 1
CD015802_pub2 0 27005575 1
CD015802_pub2 0 27532916 1
CD015802_pub2 0 27552058 1
CD015802_pub2 0 27802529 1
CD015802_pub2 0 28146296 1
CD015802_pub2 0 28446386 1
CD015802_pub2 0 28875061 1
CD015802_pub2 0 29035757 1
CD015802_pub2 0 29125893 1
CD015802_pub2 0 29314757 1
CD015802_pub2 0 29346141 1
CD015802_pub2 0 29463286 1
CD015802_pub2 0 30128088 1
CD015802_pub2 0 30242903 1
CD015802_pub2 0 30366576 1
CD015802_pub2 0 30404737 1
CD015802_pub2 0 31653108 1
CD015802_pub2 0 31712401 1
CD015802_pub2 0 31727986 1
CD015802_pub2 0 31758062 1
CD015802_pub2 0 32079435 1
CD015802_pub2 0 32798713 1
CD015802_pub2 0 32831996 1
CD015802_pub2 0 32872145 1
CD015802_pub2 0 33168464 1
CD015802_pub2 0 33171275 1
CD015802_pub2 0 33476769 1
CD015802_pub2 0 33625665 1
CD015802_pub2 0 33964929 1
CD015802_pub2 0 34674229 1
CD015802_pub2 0 35691280 1
CD015802_pub2 0 37040532 1
CD015802_pub2 0 37791592 1
CD015802_pub2 0 37905735 1
CD015802_pub2 0 39045901 1
CD015802_pub2 0 430317 1
CD015802_pub2 0 9209245 1
CD015802_pub2 0 9310563 1
CD015802_pub2 0 9346978 1
CD015804_pub2 0 15625332 1
CD015804_pub2 0 17021318 1
CD015804_pub2 0 17021319 1
CD015804_pub2 0 17572499 1
CD015804_pub2 0 17675159 1
CD015804_pub2 0 20189972 1
CD015804_pub2 0 20212208 1
CD015804_pub2 0 21670337 1
CD015804_pub2 0 21843875 1
CD015804_pub2 0 23171290 1
CD015804_pub2 0 23296047 1
CD015804_pub2 0 23332590 1
CD015804_pub2 0 25104651 1
CD015804_pub2 0 27518544 1
CD015804_pub2 0 27572301 1
CD015804_pub2 0 29398697 1
CD015804_pub2 0 29655642 1
CD015804_pub2 0 29945143 1
CD015804_pub2 0 30834517 1
CD015804_pub2 0 31047530 1
CD015804_pub2 0 31324588 1
CD015804_pub2 0 31764612 1
CD015804_pub2 0 31792843 1
CD015804_pub2 0 31872517 1
CD015804_pub2 0 32251366 1
CD015804_pub2 0 32258827 1
CD015804_pub2 0 32270611 1
CD015804_pub2 0 32344075 1
CD015804_pub2 0 32371511 1
CD015804_pub2 0 32511123 1
CD015804_pub2 0 32789284 1
CD015804_pub2 0 32796549 1
CD015804_pub2 0 33211076 1
CD015804_pub2 0 33463590 1
CD015804_pub2 0 33801185 1
CD015804_pub2 0 33957183 1
CD015804_pub2 0 34295147 1
CD015804_pub2 0 34464210 1
CD015804_pub2 0 34656987 1
CD015804_pub2 0 35243139 1
CD015804_pub2 0 35278204 1
CD015804_pub2 0 35852882 1
CD015804_pub2 0 35918962 1
CD015804_pub2 0 35918963 1
CD015804_pub2 0 36225324 1
CD015804_pub2 0 36358978 1
CD015804_pub2 0 36374913 1
CD015804_pub2 0 36520462 1
CD015804_pub2 0 36623249 1
CD015804_pub2 0 36810060 1
CD015804_pub2 0 36872752 1
CD015804_pub2 0 37179017 1
CD015804_pub2 0 37289448 1
CD015804_pub2 0 37493655 1
CD015804_pub2 0 38829176 1
CD015820_pub2 0 10420216 1
CD015820_pub2 0 11151480 1
CD015820_pub2 0 11879129 1
CD015820_pub2 0 12241931 1
CD015820_pub2 0 12242181 1
CD015820_pub2 0 12742836 1
CD015820_pub2 0 12958120 1
CD015820_pub2 0 14597512 1
CD015820_pub2 0 15326120 1
CD015820_pub2 0 15522375 1
CD015820_pub2 0 15824215 1
CD015820_pub2 0 16329744 1
CD015820_pub2 0 16531452 1
CD015820_pub2 0 17003431 1
CD015820_pub2 0 17855283 1
CD015820_pub2 0 17953989 1
CD015820_pub2 0 18207121 1
CD015820_pub2 0 19541265 1
CD015820_pub2 0 19584762 1
CD015820_pub2 0 19661070 1
CD015820_pub2 0 20640038 1
CD015820_pub2 0 21091336 1
CD015820_pub2 0 21274010 1
CD015820_pub2 0 21399941 1
CD015820_pub2 0 22390325 1
CD015820_pub2 0 22820813 1
CD015820_pub2 0 22920669 1
CD015820_pub2 0 22989342 1
CD015820_pub2 0 23688108 1
CD015820_pub2 0 23697956 1
CD015820_pub2 0 23882695 1
CD015820_pub2 0 24189091 1
CD015820_pub2 0 24615684 1
CD015820_pub2 0 25097239 1
CD015820_pub2 0 25743080 1
CD015820_pub2 0 26278861 1
CD015820_pub2 0 26358284 1
CD015820_pub2 0 26951772 1
CD015820_pub2 0 27418249 1
CD015820_pub2 0 27486016 1
CD015820_pub2 0 27832248 1
CD015820_pub2 0 27929727 1
CD015820_pub2 0 27965802 1
CD015820_pub2 0 28472231 1
CD015820_pub2 0 28617688 1
CD015820_pub2 0 28636173 1
CD015820_pub2 0 28761220 1
CD015820_pub2 0 28895104 1
CD015820_pub2 0 29024763 1
CD015820_pub2 0 29196184 1
CD015820_pub2 0 29204689 1
CD015820_pub2 0 29609075 1
CD015820_pub2 0 29905125 1
CD015820_pub2 0 30325237 1
CD015820_pub2 0 30524276 1
CD015820_pub2 0 30763432 1
CD015820_pub2 0 31272953 1
CD015820_pub2 0 31325983 1
CD015820_pub2 0 31462531 1
CD015820_pub2 0 32198079 1
CD015820_pub2 0 32345348 1
CD015820_pub2 0 32657530 1
CD015820_pub2 0 32926105 1
CD015820_pub2 0 32999982 1
CD015820_pub2 0 33045374 1
CD015820_pub2 0 33621896 1
CD015820_pub2 0 33782057 1
CD015820_pub2 0 33835006 1
CD015820_pub2 0 34239297 1
CD015820_pub2 0 34499336 1
CD015820_pub2 0 34518882 1
CD015820_pub2 0 34534556 1
CD015820_pub2 0 34614165 1
CD015820_pub2 0 34934881 1
CD015820_pub2 0 35086119 1
CD015820_pub2 0 35393866 1
CD015820_pub2 0 35512881 1
CD015820_pub2 0 35934265 1
CD015820_pub2 0 36242809 1
CD015820_pub2 0 36306974 1
CD015820_pub2 0 36497544 1
CD015820_pub2 0 36536542 1
CD015820_pub2 0 36681277 1
CD015820_pub2 0 36736071 1
CD015820_pub2 0 37515472 1
CD015820_pub2 0 37976669 1
CD015820_pub2 0 38345851 1
CD015820_pub2 0 38429025 1
CD015820_pub2 0 40600348 1
CD015820_pub2 0 7295619 1
CD015820_pub2 0 8213501 1
CD015820_pub2 0 9135409 1
CD015820_pub2 0 9310563 1
CD015890_pub2 0 12543843 1
CD015890_pub2 0 13470303 1
CD015890_pub2 0 17413692 1
CD015890_pub2 0 17555582 1
CD015890_pub2 0 17592104 1
CD015890_pub2 0 17908061 1
CD015890_pub2 0 18630984 1
CD015890_pub2 0 18790239 1
CD015890_pub2 0 19105878 1
CD015890_pub2 0 19820104 1
CD015890_pub2 0 20091503 1
CD015890_pub2 0 20132623 1
CD015890_pub2 0 20488524 1
CD015890_pub2 0 20505496 1
CD015890_pub2 0 20819255 1
CD015890_pub2 0 20926954 1
CD015890_pub2 0 20937186 1
CD015890_pub2 0 21197091 1
CD015890_pub2 0 21310794 1
CD015890_pub2 0 21330583 1
CD015890_pub2 0 21423023 1
CD015890_pub2 0 22238171 1
CD015890_pub2 0 22571347 1
CD015890_pub2 0 22791739 1
CD015890_pub2 0 22911011 1
CD015890_pub2 0 23324313 1
CD015890_pub2 0 23343909 1
CD015890_pub2 0 23420236 1
CD015890_pub2 0 23636235 1
CD015890_pub2 0 23675515 1
CD015890_pub2 0 25003600 1
CD015890_pub2 0 25314315 1
CD015890_pub2 0 25775931 1
CD015890_pub2 0 26048371 1
CD015890_pub2 0 26091295 1
CD015890_pub2 0 26613097 1
CD015890_pub2 0 26937146 1
CD015890_pub2 0 27835678 1
CD015890_pub2 0 28052967 1
CD015890_pub2 0 28280271 1
CD015890_pub2 0 28705945 1
CD015890_pub2 0 28915796 1
CD015890_pub2 0 28975717 1
CD015890_pub2 0 29029077 1
CD015890_pub2 0 29161276 1
CD015890_pub2 0 29437750 1
CD015890_pub2 0 29668698 1
CD015890_pub2 0 30062731 1
CD015890_pub2 0 30654753 1
CD015890_pub2 0 30700442 1
CD015890_pub2 0 31186628 1
CD015890_pub2 0 31319659 1
CD015890_pub2 0 31656117 1
CD015890_pub2 0 31718359 1
CD015890_pub2 0 31931911 1
CD015890_pub2 0 31982539 1
CD015890_pub2 0 32005290 1
CD015890_pub2 0 32126324 1
CD015890_pub2 0 32273738 1
CD015890_pub2 0 32476692 1
CD015890_pub2 0 32607387 1
CD015890_pub2 0 32726367 1
CD015890_pub2 0 33009253 1
CD015890_pub2 0 33048484 1
CD015890_pub2 0 33547088 1
CD015890_pub2 0 33664313 1
CD015890_pub2 0 33688264 1
CD015890_pub2 0 33782057 1
CD015890_pub2 0 34104377 1
CD015890_pub2 0 34586087 1
CD015890_pub2 0 34746447 1
CD015890_pub2 0 34926543 1
CD015890_pub2 0 35146851 1
CD015890_pub2 0 35296472 1
CD015890_pub2 0 35308808 1
CD015890_pub2 0 35346974 1
CD015890_pub2 0 35387594 1
CD015890_pub2 0 35586458 1
CD015890_pub2 0 35709199 1
CD015890_pub2 0 35921384 1
CD015890_pub2 0 36171396 1
CD015890_pub2 0 36539721 1
CD015890_pub2 0 36695980 1
CD015890_pub2 0 36728618 1
CD015890_pub2 0 36815723 1
CD015890_pub2 0 37130994 1
CD015890_pub2 0 38860538 1
CD015890_pub2 0 4992917 1
CD015890_pub2 0 9921604 1
CD016058_pub2 0 21215528 1
CD016058_pub2 0 28246049 1
CD016058_pub2 0 29975879 1
CD016058_pub2 0 31388599 1
CD016058_pub2 0 32356774 1
CD016058_pub2 0 33045643 1
CD016058_pub2 0 33411338 1
CD016058_pub2 0 33466912 1
CD016058_pub2 0 33999133 1
CD016058_pub2 0 34936704 1
CD016058_pub2 0 34985167 1
CD016058_pub2 0 35410990 1
CD016058_pub2 0 35777699 1
CD016058_pub2 0 35816038 1
CD016058_pub2 0 36316290 1
CD016058_pub2 0 36549102 1
CD016058_pub2 0 36788367 1
CD016058_pub2 0 37088177 1
CD016058_pub2 0 37132075 1
CD016058_pub2 0 37142273 1
CD016058_pub2 0 37230961 1
CD016058_pub2 0 37403047 1
CD016058_pub2 0 37619211 1
CD016058_pub2 0 37696529 1
CD016058_pub2 0 37965949 1
CD016058_pub2 0 38116264 1
CD016058_pub2 0 38189560 1
CD016058_pub2 0 38192585 1
CD016058_pub2 0 38709500 1
CD016058_pub2 0 38752949 1
CD016058_pub2 0 38929055 1
CD016058_pub2 0 39777614 1
CD016058_pub2 0 39884824 1
CD016070_pub2 0 15228522 1
CD016070_pub2 0 16168343 1
CD016070_pub2 0 16931408 1
CD016070_pub2 0 17098577 1
CD016070_pub2 0 20534796 1
CD016070_pub2 0 22007046 1
CD016070_pub2 0 24022476 1
CD016070_pub2 0 24637544 1
CD016070_pub2 0 24675585 1
CD016070_pub2 0 24786895 1
CD016070_pub2 0 25897661 1
CD016070_pub2 0 26156025 1
CD016070_pub2 0 26427365 1
CD016070_pub2 0 26579092 1
CD016070_pub2 0 26970721 1
CD016070_pub2 0 27163343 1
CD016070_pub2 0 28052967 1
CD016070_pub2 0 28063795 1
CD016070_pub2 0 28125693 1
CD016070_pub2 0 28320384 1
CD016070_pub2 0 28774293 1
CD016070_pub2 0 28883510 1
CD016070_pub2 0 29982375 1
CD016070_pub2 0 30032978 1
CD016070_pub2 0 30192649 1
CD016070_pub2 0 30546093 1
CD016070_pub2 0 30865176 1
CD016070_pub2 0 31039161 1
CD016070_pub2 0 31155318 1
CD016070_pub2 0 31173647 1
CD016070_pub2 0 31550246 1
CD016070_pub2 0 31633613 1
CD016070_pub2 0 31633805 1
CD016070_pub2 0 31753806 1
CD016070_pub2 0 31906163 1
CD016070_pub2 0 31976353 1
CD016070_pub2 0 32178764 1
CD016070_pub2 0 32357197 1
CD016070_pub2 0 32855226 1
CD016070_pub2 0 33076996 1
CD016070_pub2 0 33437678 1
CD016070_pub2 0 33448348 1
CD016070_pub2 0 33575422 1
CD016070_pub2 0 33616229 1
CD016070_pub2 0 33740905 1
CD016070_pub2 0 33755189 1
CD016070_pub2 0 33782057 1
CD016070_pub2 0 33864930 1
CD016070_pub2 0 34049948 1
CD016070_pub2 0 34416013 1
CD016070_pub2 0 34698503 1
CD016070_pub2 0 34800394 1
CD016070_pub2 0 34952913 1
CD016070_pub2 0 35197162 1
CD016070_pub2 0 35219884 1
CD016070_pub2 0 35338834 1
CD016070_pub2 0 35644157 1
CD016070_pub2 0 35913145 1
CD016070_pub2 0 36521944 1
CD016070_pub2 0 36600434 1
CD016070_pub2 0 36854097 1
CD016070_pub2 0 36883573 1
CD016070_pub2 0 37127703 1
CD016070_pub2 0 37202025 1
CD016070_pub2 0 37233720 1
CD016070_pub2 0 38134020 1
CD016070_pub2 0 38249371 1
CD016070_pub2 0 38820372 1
CD016070_pub2 0 39047241 1
CD016070_pub2 0 39908066 1
CD016070_pub2 0 39908067 1
CD016070_pub2 0 40492485 1
CD016071_pub2 0 12758213 1
CD016071_pub2 0 14522261 1
CD016071_pub2 0 15228522 1
CD016071_pub2 0 15639294 1
CD016071_pub2 0 16168343 1
CD016071_pub2 0 16243870 1
CD016071_pub2 0 16931408 1
CD016071_pub2 0 17079536 1
CD016071_pub2 0 17098577 1
CD016071_pub2 0 17352090 1
CD016071_pub2 0 21172670 1
CD016071_pub2 0 21644393 1
CD016071_pub2 0 21700601 1
CD016071_pub2 0 21764384 1
CD016071_pub2 0 22007046 1
CD016071_pub2 0 22752518 1
CD016071_pub2 0 23580738 1
CD016071_pub2 0 24004840 1
CD016071_pub2 0 24022476 1
CD016071_pub2 0 24400822 1
CD016071_pub2 0 24696110 1
CD016071_pub2 0 24818083 1
CD016071_pub2 0 25471640 1
CD016071_pub2 0 26113682 1
CD016071_pub2 0 26409281 1
CD016071_pub2 0 26619464 1
CD016071_pub2 0 26970721 1
CD016071_pub2 0 27007974 1
CD016071_pub2 0 27163343 1
CD016071_pub2 0 27296716 1
CD016071_pub2 0 27727131 1
CD016071_pub2 0 27932390 1
CD016071_pub2 0 28125693 1
CD016071_pub2 0 28234079 1
CD016071_pub2 0 28320384 1
CD016071_pub2 0 28575238 1
CD016071_pub2 0 28734517 1
CD016071_pub2 0 28774293 1
CD016071_pub2 0 28886729 1
CD016071_pub2 0 28924198 1
CD016071_pub2 0 29028662 1
CD016071_pub2 0 29997199 1
CD016071_pub2 0 30032978 1
CD016071_pub2 0 30036606 1
CD016071_pub2 0 30378470 1
CD016071_pub2 0 30454917 1
CD016071_pub2 0 30944200 1
CD016071_pub2 0 31155318 1
CD016071_pub2 0 31381861 1
CD016071_pub2 0 31455612 1
CD016071_pub2 0 31610754 1
CD016071_pub2 0 31633805 1
CD016071_pub2 0 32421765 1
CD016071_pub2 0 32656104 1
CD016071_pub2 0 32853411 1
CD016071_pub2 0 32855226 1
CD016071_pub2 0 33049437 1
CD016071_pub2 0 33448348 1
CD016071_pub2 0 33616229 1
CD016071_pub2 0 33616611 1
CD016071_pub2 0 33755189 1
CD016071_pub2 0 33864930 1
CD016071_pub2 0 34049948 1
CD016071_pub2 0 34076469 1
CD016071_pub2 0 34140291 1
CD016071_pub2 0 34159066 1
CD016071_pub2 0 34525399 1
CD016071_pub2 0 34698503 1
CD016071_pub2 0 35055981 1
CD016071_pub2 0 35880002 1
CD016071_pub2 0 36065889 1
CD016071_pub2 0 37117209 1
CD016071_pub2 0 37202025 1
CD016071_pub2 0 37505646 1
CD016071_pub2 0 38685921 1
CD016071_pub2 0 39007063 1
CD016071_pub2 0 39908066 1
CD016071_pub2 0 39908067 1
CD016071_pub2 0 40388555 1
CD016071_pub2 0 40497466 1
