CD001920_pub3 0 10030684 1
CD001920_pub3 0 10945420 1
CD001920_pub3 0 11030501 1
CD001920_pub3 0 11588740 1
CD001920_pub3 0 1159263 1
CD001920_pub3 0 11812553 1
CD001920_pub3 0 11991797 1
CD001920_pub3 0 12194618 1
CD001920_pub3 0 12900678 1
CD001920_pub3 0 12920254 1
CD001920_pub3 0 12971705 1
CD001920_pub3 0 13194374 1
CD001920_pub3 0 14515053 1
CD001920_pub3 0 14606738 1
CD001920_pub3 0 14970894 1
CD001920_pub3 0 15137555 1
CD001920_pub3 0 15481562 1
CD001920_pub3 0 15482247 1
CD001920_pub3 0 15574110 1
CD001920_pub3 0 1559090 1
CD001920_pub3 0 15704508 1
CD001920_pub3 0 15730802 1
CD001920_pub3 0 15730803 1
CD001920_pub3 0 15759530 1
CD001920_pub3 0 15774435 1
CD001920_pub3 0 15879321 1
CD001920_pub3 0 16235304 1
CD001920_pub3 0 16263967 1
CD001920_pub3 0 16634338 1
CD001920_pub3 0 17253468 1
CD001920_pub3 0 17364805 1
CD001920_pub3 0 17426347 1
CD001920_pub3 0 17535145 1
CD001920_pub3 0 17613581 1
CD001920_pub3 0 17702703 1
CD001920_pub3 0 17903837 1
CD001920_pub3 0 18036303 1
CD001920_pub3 0 18447577 1
CD001920_pub3 0 18566949 1
CD001920_pub3 0 18566950 1
CD001920_pub3 0 18720129 1
CD001920_pub3 0 18780882 1
CD001920_pub3 0 18955423 1
CD001920_pub3 0 18955513 1
CD001920_pub3 0 19318465 1
CD001920_pub3 0 19509438 1
CD001920_pub3 0 19624858 1
CD001920_pub3 0 19704158 1
CD001920_pub3 0 19821873 1
CD001920_pub3 0 19848560 1
CD001920_pub3 0 19969159 1
CD001920_pub3 0 2000463 1
CD001920_pub3 0 20057213 1
CD001920_pub3 0 20334632 1
CD001920_pub3 0 20410013 1
CD001920_pub3 0 21110413 1
CD001920_pub3 0 21420149 1
CD001920_pub3 0 21691873 1
CD001920_pub3 0 21788266 1
CD001920_pub3 0 22120031 1
CD001920_pub3 0 22510162 1
CD001920_pub3 0 22544817 1
CD001920_pub3 0 22577186 1
CD001920_pub3 0 22819061 1
CD001920_pub3 0 2326602 1
CD001920_pub3 0 23621107 1
CD001920_pub3 0 24756870 1
CD001920_pub3 0 3363593 1
CD001920_pub3 0 3737695 1
CD001920_pub3 0 3813864 1
CD001920_pub3 0 4682697 1
CD001920_pub3 0 5475721 1
CD001920_pub3 0 6023294 1
CD001920_pub3 0 6023296 1
CD001920_pub3 0 6023297 1
CD001920_pub3 0 6974717 1
CD001920_pub3 0 7100298 1
CD001920_pub3 0 7763147 1
CD001920_pub3 0 8503751 1
CD001920_pub3 0 9099186 1
CD001920_pub3 0 9756581 1
CD006103_pub8 0 10796490 1
CD006103_pub8 0 12745501 1
CD006103_pub8 0 12958120 1
CD006103_pub8 0 15155135 1
CD006103_pub8 0 15733243 1
CD006103_pub8 0 16820548 1
CD006103_pub8 0 16908787 1
CD006103_pub8 0 16908789 1
CD006103_pub8 0 17050788 1
CD006103_pub8 0 17130378 1
CD006103_pub8 0 17253581 1
CD006103_pub8 0 17407636 1
CD006103_pub8 0 17426529 1
CD006103_pub8 0 17493109 1
CD006103_pub8 0 17692719 1
CD006103_pub8 0 17692720 1
CD006103_pub8 0 17825502 1
CD006103_pub8 0 17915071 1
CD006103_pub8 0 17915072 1
CD006103_pub8 0 18028247 1
CD006103_pub8 0 18198011 1
CD006103_pub8 0 18263663 1
CD006103_pub8 0 18288085 1
CD006103_pub8 0 18442345 1
CD006103_pub8 0 18513462 1
CD006103_pub8 0 18646137 1
CD006103_pub8 0 18663065 1
CD006103_pub8 0 18663077 1
CD006103_pub8 0 18663078 1
CD006103_pub8 0 18808308 1
CD006103_pub8 0 18842256 1
CD006103_pub8 0 19004600 1
CD006103_pub8 0 19192221 1
CD006103_pub8 0 19243716 1
CD006103_pub8 0 19246427 1
CD006103_pub8 0 19351781 1
CD006103_pub8 0 19354344 1
CD006103_pub8 0 19476573 1
CD006103_pub8 0 19491139 1
CD006103_pub8 0 19536915 1
CD006103_pub8 0 19621070 1
CD006103_pub8 0 19686530 1
CD006103_pub8 0 19715445 1
CD006103_pub8 0 19733449 1
CD006103_pub8 0 19817313 1
CD006103_pub8 0 19912599 1
CD006103_pub8 0 20048200 1
CD006103_pub8 0 20048210 1
CD006103_pub8 0 20071105 1
CD006103_pub8 0 20107434 1
CD006103_pub8 0 20154405 1
CD006103_pub8 0 20234103 1
CD006103_pub8 0 20363092 1
CD006103_pub8 0 20395358 1
CD006103_pub8 0 20409497 1
CD006103_pub8 0 20457644 1
CD006103_pub8 0 20666691 1
CD006103_pub8 0 20716302 1
CD006103_pub8 0 20724382 1
CD006103_pub8 0 20819082 1
CD006103_pub8 0 21041839 1
CD006103_pub8 0 21134997 1
CD006103_pub8 0 21208325 1
CD006103_pub8 0 21221531 1
CD006103_pub8 0 21295286 1
CD006103_pub8 0 21328266 1
CD006103_pub8 0 21328282 1
CD006103_pub8 0 21330267 1
CD006103_pub8 0 21350041 1
CD006103_pub8 0 21376537 1
CD006103_pub8 0 21452908 1
CD006103_pub8 0 21467069 1
CD006103_pub8 0 21498427 1
CD006103_pub8 0 21512406 1
CD006103_pub8 0 21518946 1
CD006103_pub8 0 21518947 1
CD006103_pub8 0 21559801 1
CD006103_pub8 0 21621992 1
CD006103_pub8 0 21635992 1
CD006103_pub8 0 21652735 1
CD006103_pub8 0 21667366 1
CD006103_pub8 0 21695488 1
CD006103_pub8 0 21778151 1
CD006103_pub8 0 21810630 1
CD006103_pub8 0 21819275 1
CD006103_pub8 0 21835552 1
CD006103_pub8 0 21872998 1
CD006103_pub8 0 21991893 1
CD006103_pub8 0 22007690 1
CD006103_pub8 0 22025439 1
CD006103_pub8 0 22048460 1
CD006103_pub8 0 22080588 1
CD006103_pub8 0 22088938 1
CD006103_pub8 0 22104038 1
CD006103_pub8 0 22130118 1
CD006103_pub8 0 22236931 1
CD006103_pub8 0 22250168 1
CD006103_pub8 0 22367976 1
CD006103_pub8 0 22377389 1
CD006103_pub8 0 22513936 1
CD006103_pub8 0 22547331 1
CD006103_pub8 0 22573730 1
CD006103_pub8 0 22589421 1
CD006103_pub8 0 22691015 1
CD006103_pub8 0 22697191 1
CD006103_pub8 0 22860882 1
CD006103_pub8 0 22888309 1
CD006103_pub8 0 22890119 1
CD006103_pub8 0 22993168 1
CD006103_pub8 0 23024246 1
CD006103_pub8 0 23072834 1
CD006103_pub8 0 23128154 1
CD006103_pub8 0 23422399 1
CD006103_pub8 0 23507358 1
CD006103_pub8 0 23536105 1
CD006103_pub8 0 23640009 1
CD006103_pub8 0 23707824 1
CD006103_pub8 0 23718718 1
CD006103_pub8 0 23728065 1
CD006103_pub8 0 23728690 1
CD006103_pub8 0 23946326 1
CD006103_pub8 0 23953658 1
CD006103_pub8 0 23963060 1
CD006103_pub8 0 23990527 1
CD006103_pub8 0 24020450 1
CD006103_pub8 0 24042367 1
CD006103_pub8 0 24074849 1
CD006103_pub8 0 24286379 1
CD006103_pub8 0 24290118 1
CD006103_pub8 0 24399553 1
CD006103_pub8 0 24399554 1
CD006103_pub8 0 24482150 1
CD006103_pub8 0 24522334 1
CD006103_pub8 0 24616337 1
CD006103_pub8 0 24811751 1
CD006103_pub8 0 24831822 1
CD006103_pub8 0 24861558 1
CD006103_pub8 0 24862167 1
CD006103_pub8 0 24894625 1
CD006103_pub8 0 24911368 1
CD006103_pub8 0 24928218 1
CD006103_pub8 0 24934962 1
CD006103_pub8 0 24949949 1
CD006103_pub8 0 24951495 1
CD006103_pub8 0 25005652 1
CD006103_pub8 0 25006684 1
CD006103_pub8 0 25012994 1
CD006103_pub8 0 25031315 1
CD006103_pub8 0 25296623 1
CD006103_pub8 0 25517706 1
CD006103_pub8 0 25545858 1
CD006103_pub8 0 25588294 1
CD006103_pub8 0 25627075 1
CD006103_pub8 0 25688780 1
CD006103_pub8 0 25767129 1
CD006103_pub8 0 25933795 1
CD006103_pub8 0 26010901 1
CD006103_pub8 0 26069034 1
CD006103_pub8 0 26142345 1
CD006103_pub8 0 26180217 1
CD006103_pub8 0 26386786 1
CD006103_pub8 0 26427627 1
CD006103_pub8 0 26553744 1
CD006103_pub8 0 26709238 1
CD006103_pub8 0 26711162 1
CD006103_pub8 0 26730716 1
CD006103_pub8 0 26813210 1
CD006103_pub8 0 26903004 1
CD006103_pub8 0 27046320 1
CD006103_pub8 0 27116918 1
CD006103_pub8 0 27117285 1
CD006103_pub8 0 27158893 1
CD006103_pub8 0 27233840 1
CD006103_pub8 0 27558015 1
CD006103_pub8 0 27734465 1
CD006103_pub8 0 28167895 1
CD006103_pub8 0 28182446 1
CD006103_pub8 0 28275830 1
CD006103_pub8 0 28365035 1
CD006103_pub8 0 28414583 1
CD006103_pub8 0 28420644 1
CD006103_pub8 0 28449281 1
CD006103_pub8 0 28498504 1
CD006103_pub8 0 28549278 1
CD006103_pub8 0 28553407 1
CD006103_pub8 0 28636795 1
CD006103_pub8 0 28738266 1
CD006103_pub8 0 28889258 1
CD006103_pub8 0 29223599 1
CD006103_pub8 0 29261824 1
CD006103_pub8 0 29324248 1
CD006103_pub8 0 29329763 1
CD006103_pub8 0 29403297 1
CD006103_pub8 0 29471329 1
CD006103_pub8 0 29508470 1
CD006103_pub8 0 29581161 1
CD006103_pub8 0 29602847 1
CD006103_pub8 0 29604474 1
CD006103_pub8 0 29630702 1
CD006103_pub8 0 29676824 1
CD006103_pub8 0 29679432 1
CD006103_pub8 0 29728074 1
CD006103_pub8 0 29788791 1
CD006103_pub8 0 29955828 1
CD006103_pub8 0 29986268 1
CD006103_pub8 0 30107419 1
CD006103_pub8 0 30276931 1
CD006103_pub8 0 30341043 1
CD006103_pub8 0 30589984 1
CD006103_pub8 0 30614717 1
CD006103_pub8 0 30680852 1
CD006103_pub8 0 30758045 1
CD006103_pub8 0 30811371 1
CD006103_pub8 0 30817018 1
CD006103_pub8 0 30847828 1
CD006103_pub8 0 31056710 1
CD006103_pub8 0 31082665 1
CD006103_pub8 0 31129603 1
CD006103_pub8 0 31188242 1
CD006103_pub8 0 31195244 1
CD006103_pub8 0 31240783 1
CD006103_pub8 0 31370981 1
CD006103_pub8 0 31388599 1
CD006103_pub8 0 31502736 1
CD006103_pub8 0 31609433 1
CD006103_pub8 0 31612956 1
CD006103_pub8 0 31783245 1
CD006103_pub8 0 31847536 1
CD006103_pub8 0 31854207 1
CD006103_pub8 0 31938877 1
CD006103_pub8 0 32055787 1
CD006103_pub8 0 32068562 1
CD006103_pub8 0 32348306 1
CD006103_pub8 0 32602170 1
CD006103_pub8 0 32686950 1
CD006103_pub8 0 32800078 1
CD006103_pub8 0 32888230 1
CD006103_pub8 0 32911350 1
CD006103_pub8 0 33069301 1
CD006103_pub8 0 33138708 1
CD006103_pub8 0 33219852 1
CD006103_pub8 0 33337436 1
CD006103_pub8 0 33464316 1
CD006103_pub8 0 33538831 1
CD006103_pub8 0 33659761 1
CD006103_pub8 0 33735416 1
CD006103_pub8 0 33761149 1
CD006103_pub8 0 33847362 1
CD006103_pub8 0 33885203 1
CD006103_pub8 0 33958864 1
CD006103_pub8 0 34037923 1
CD006103_pub8 0 34087351 1
CD006103_pub8 0 34112520 1
CD006103_pub8 0 34228066 1
CD006103_pub8 0 34636108 1
CD006103_pub8 0 34665204 1
CD006103_pub8 0 34859525 1
CD006103_pub8 0 35133411 1
CD006103_pub8 0 35151504 1
CD006103_pub8 0 35244704 1
CD006103_pub8 0 35287166 1
CD006103_pub8 0 35699705 1
CD006103_pub8 0 35908731 1
CD006103_pub8 0 3606829 1
CD006103_pub8 0 37142273 1
CD006103_pub8 0 38408207 1
CD006103_pub8 0 4645090 1
CD006103_pub8 0 6702122 1
CD006103_pub8 0 7934734 1
CD008973_pub2 0 10349414 1
CD008973_pub2 0 10444134 1
CD008973_pub2 0 10458396 1
CD008973_pub2 0 11009516 1
CD008973_pub2 0 11040144 1
CD008973_pub2 0 11095086 1
CD008973_pub2 0 11125410 1
CD008973_pub2 0 11167650 1
CD008973_pub2 0 12580740 1
CD008973_pub2 0 12949201 1
CD008973_pub2 0 12958120 1
CD008973_pub2 0 14633068 1
CD008973_pub2 0 15408299 1
CD008973_pub2 0 15758802 1
CD008973_pub2 0 15764277 1
CD008973_pub2 0 15979860 1
CD008973_pub2 0 16060864 1
CD008973_pub2 0 16137407 1
CD008973_pub2 0 16291369 1
CD008973_pub2 0 16673355 1
CD008973_pub2 0 16791612 1
CD008973_pub2 0 17308904 1
CD008973_pub2 0 17316525 1
CD008973_pub2 0 17872680 1
CD008973_pub2 0 17923208 1
CD008973_pub2 0 18157674 1
CD008973_pub2 0 18660641 1
CD008973_pub2 0 18947640 1
CD008973_pub2 0 19692044 1
CD008973_pub2 0 20202239 1
CD008973_pub2 0 20334632 1
CD008973_pub2 0 20354011 1
CD008973_pub2 0 21354771 1
CD008973_pub2 0 21756378 1
CD008973_pub2 0 21784880 1
CD008973_pub2 0 23292538 1
CD008973_pub2 0 25180668 1
CD008973_pub2 0 5689532 1
CD008973_pub2 0 8976781 1
CD008973_pub2 0 9001879 1
CD008973_pub2 0 9755280 1
CD010216_pub8 0 10510989 1
CD010216_pub8 0 11072433 1
CD010216_pub8 0 11113486 1
CD010216_pub8 0 11605715 1
CD010216_pub8 0 12958120 1
CD010216_pub8 0 14678060 1
CD010216_pub8 0 16362402 1
CD010216_pub8 0 17222288 1
CD010216_pub8 0 19446968 1
CD010216_pub8 0 20132927 1
CD010216_pub8 0 20154061 1
CD010216_pub8 0 20168213 1
CD010216_pub8 0 20378585 1
CD010216_pub8 0 20554984 1
CD010216_pub8 0 20647410 1
CD010216_pub8 0 21592253 1
CD010216_pub8 0 21989407 1
CD010216_pub8 0 22229871 1
CD010216_pub8 0 22311962 1
CD010216_pub8 0 22529223 1
CD010216_pub8 0 22594651 1
CD010216_pub8 0 22813087 1
CD010216_pub8 0 23358230 1
CD010216_pub8 0 23415116 1
CD010216_pub8 0 23496861 1
CD010216_pub8 0 23497603 1
CD010216_pub8 0 23551515 1
CD010216_pub8 0 23826093 1
CD010216_pub8 0 23873169 1
CD010216_pub8 0 23986491 1
CD010216_pub8 0 24029165 1
CD010216_pub8 0 24049448 1
CD010216_pub8 0 24063569 1
CD010216_pub8 0 24148175 1
CD010216_pub8 0 24154511 1
CD010216_pub8 0 24345184 1
CD010216_pub8 0 24485579 1
CD010216_pub8 0 24629555 1
CD010216_pub8 0 24655473 1
CD010216_pub8 0 24664434 1
CD010216_pub8 0 25078252 1
CD010216_pub8 0 25083263 1
CD010216_pub8 0 25122503 1
CD010216_pub8 0 25358095 1
CD010216_pub8 0 25380748 1
CD010216_pub8 0 25515689 1
CD010216_pub8 0 25683775 1
CD010216_pub8 0 25762758 1
CD010216_pub8 0 25811767 1
CD010216_pub8 0 25814920 1
CD010216_pub8 0 25880947 1
CD010216_pub8 0 25895951 1
CD010216_pub8 0 25896067 1
CD010216_pub8 0 26045250 1
CD010216_pub8 0 26061661 1
CD010216_pub8 0 26184244 1
CD010216_pub8 0 26270297 1
CD010216_pub8 0 26333731 1
CD010216_pub8 0 26348280 1
CD010216_pub8 0 26422724 1
CD010216_pub8 0 26444980 1
CD010216_pub8 0 26696273 1
CD010216_pub8 0 26702788 1
CD010216_pub8 0 26712843 1
CD010216_pub8 0 26729619 1
CD010216_pub8 0 26749533 1
CD010216_pub8 0 26783292 1
CD010216_pub8 0 26834051 1
CD010216_pub8 0 26842790 1
CD010216_pub8 0 26941050 1
CD010216_pub8 0 26959042 1
CD010216_pub8 0 27005984 1
CD010216_pub8 0 27043170 1
CD010216_pub8 0 27097389 1
CD010216_pub8 0 27235016 1
CD010216_pub8 0 27322745 1
CD010216_pub8 0 27543458 1
CD010216_pub8 0 27613880 1
CD010216_pub8 0 27613896 1
CD010216_pub8 0 27622384 1
CD010216_pub8 0 27769828 1
CD010216_pub8 0 27932811 1
CD010216_pub8 0 27942543 1
CD010216_pub8 0 28003511 1
CD010216_pub8 0 28070620 1
CD010216_pub8 0 28376818 1
CD010216_pub8 0 28454011 1
CD010216_pub8 0 28648969 1
CD010216_pub8 0 28718828 1
CD010216_pub8 0 29083287 1
CD010216_pub8 0 29127080 1
CD010216_pub8 0 29248487 1
CD010216_pub8 0 29272446 1
CD010216_pub8 0 29304395 1
CD010216_pub8 0 29335291 1
CD010216_pub8 0 29660034 1
CD010216_pub8 0 29791259 1
CD010216_pub8 0 29852054 1
CD010216_pub8 0 29853561 1
CD010216_pub8 0 29882257 1
CD010216_pub8 0 29921278 1
CD010216_pub8 0 29986786 1
CD010216_pub8 0 30006020 1
CD010216_pub8 0 30071863 1
CD010216_pub8 0 30203076 1
CD010216_pub8 0 30239904 1
CD010216_pub8 0 30280019 1
CD010216_pub8 0 30290121 1
CD010216_pub8 0 30365024 1
CD010216_pub8 0 30393015 1
CD010216_pub8 0 30500925 1
CD010216_pub8 0 30699054 1
CD010216_pub8 0 30808668 1
CD010216_pub8 0 30823395 1
CD010216_pub8 0 30924732 1
CD010216_pub8 0 31129603 1
CD010216_pub8 0 31166007 1
CD010216_pub8 0 31169077 1
CD010216_pub8 0 31171977 1
CD010216_pub8 0 31300577 1
CD010216_pub8 0 31338412 1
CD010216_pub8 0 31344110 1
CD010216_pub8 0 31388599 1
CD010216_pub8 0 31403695 1
CD010216_pub8 0 31434605 1
CD010216_pub8 0 31515173 1
CD010216_pub8 0 31565800 1
CD010216_pub8 0 31578724 1
CD010216_pub8 0 31597207 1
CD010216_pub8 0 31619441 1
CD010216_pub8 0 31691397 1
CD010216_pub8 0 31698920 1
CD010216_pub8 0 31730180 1
CD010216_pub8 0 31740017 1
CD010216_pub8 0 31779689 1
CD010216_pub8 0 31828315 1
CD010216_pub8 0 31838445 1
CD010216_pub8 0 31860793 1
CD010216_pub8 0 31860794 1
CD010216_pub8 0 31891141 1
CD010216_pub8 0 31956726 1
CD010216_pub8 0 31992902 1
CD010216_pub8 0 31994254 1
CD010216_pub8 0 32003818 1
CD010216_pub8 0 32192941 1
CD010216_pub8 0 32343994 1
CD010216_pub8 0 32355323 1
CD010216_pub8 0 32389072 1
CD010216_pub8 0 32462131 1
CD010216_pub8 0 32539148 1
CD010216_pub8 0 32713105 1
CD010216_pub8 0 32912948 1
CD010216_pub8 0 32939543 1
CD010216_pub8 0 33046080 1
CD010216_pub8 0 33052602 1
CD010216_pub8 0 33095798 1
CD010216_pub8 0 33170240 1
CD010216_pub8 0 33206193 1
CD010216_pub8 0 33230755 1
CD010216_pub8 0 33351653 1
CD010216_pub8 0 33411338 1
CD010216_pub8 0 33430407 1
CD010216_pub8 0 33456434 1
CD010216_pub8 0 33464342 1
CD010216_pub8 0 33552927 1
CD010216_pub8 0 33619197 1
CD010216_pub8 0 33660555 1
CD010216_pub8 0 33723598 1
CD010216_pub8 0 33756301 1
CD010216_pub8 0 33798919 1
CD010216_pub8 0 33837422 1
CD010216_pub8 0 33857436 1
CD010216_pub8 0 33906842 1
CD010216_pub8 0 33913154 1
CD010216_pub8 0 33988520 1
CD010216_pub8 0 34105208 1
CD010216_pub8 0 34128486 1
CD010216_pub8 0 34175001 1
CD010216_pub8 0 34193288 1
CD010216_pub8 0 34193499 1
CD010216_pub8 0 34284312 1
CD010216_pub8 0 34435305 1
CD010216_pub8 0 34536632 1
CD010216_pub8 0 34636108 1
CD010216_pub8 0 34749706 1
CD010216_pub8 0 34789542 1
CD010216_pub8 0 34827200 1
CD010216_pub8 0 34850164 1
CD010216_pub8 0 34859526 1
CD010216_pub8 0 34877438 1
CD010216_pub8 0 34929031 1
CD010216_pub8 0 34991693 1
CD010216_pub8 0 35022796 1
CD010216_pub8 0 35134961 1
CD010216_pub8 0 35194862 1
CD010216_pub8 0 35351805 1
CD010216_pub8 0 35363874 1
CD010216_pub8 0 35380498 1
CD010216_pub8 0 35405479 1
CD010216_pub8 0 35430631 1
CD010216_pub8 0 35491736 1
CD010216_pub8 0 35575085 1
CD010216_pub8 0 35577966 1
CD010216_pub8 0 35614523 1
CD010216_pub8 0 35688421 1
CD010216_pub8 0 35738868 1
CD010216_pub8 0 35742698 1
CD010216_pub8 0 35752091 1
CD010216_pub8 0 35820869 1
CD010216_pub8 0 35869375 1
CD010216_pub8 0 35933001 1
CD010216_pub8 0 35971150 1
CD010216_pub8 0 35990084 1
CD010216_pub8 0 35995103 1
CD010216_pub8 0 36065820 1
CD010216_pub8 0 36104702 1
CD010216_pub8 0 36208090 1
CD010216_pub8 0 36316290 1
CD010216_pub8 0 36344702 1
CD010216_pub8 0 36421329 1
CD010216_pub8 0 36450821 1
CD010216_pub8 0 36638679 1
CD010216_pub8 0 36657751 1
CD010216_pub8 0 36727168 1
CD010216_pub8 0 36857841 1
CD010216_pub8 0 36939271 1
CD010216_pub8 0 37012981 1
CD010216_pub8 0 37014673 1
CD010216_pub8 0 37088177 1
CD010216_pub8 0 37142273 1
CD010216_pub8 0 37148992 1
CD010216_pub8 0 37335995 1
CD010216_pub8 0 37526741 1
CD010216_pub8 0 37619211 1
CD010216_pub8 0 37696529 1
CD010216_pub8 0 38189560 1
CD010216_pub8 0 4059314 1
CD010216_pub8 0 7750331 1
CD010216_pub8 0 8033760 1
CD010216_pub8 0 8261886 1
CD010216_pub8 0 8469698 1
CD010216_pub8 0 8808137 1
CD013166_pub2 0 12111919 1
CD013166_pub2 0 12152112 1
CD013166_pub2 0 12657355 1
CD013166_pub2 0 12958120 1
CD013166_pub2 0 16422981 1
CD013166_pub2 0 17636774 1
CD013166_pub2 0 17913335 1
CD013166_pub2 0 18208501 1
CD013166_pub2 0 18456631 1
CD013166_pub2 0 20067715 1
CD013166_pub2 0 20451317 1
CD013166_pub2 0 21195583 1
CD013166_pub2 0 21855209 1
CD013166_pub2 0 23040455 1
CD013166_pub2 0 23395275 1
CD013166_pub2 0 23554844 1
CD013166_pub2 0 23573257 1
CD013166_pub2 0 25471316 1
CD013166_pub2 0 26953829 1
CD013166_pub2 0 27188339 1
CD013166_pub2 0 27215685 1
CD013166_pub2 0 27321373 1
CD013166_pub2 0 27986492 1
CD013166_pub2 0 28379665 1
CD013166_pub2 0 28642047 1
CD013166_pub2 0 28741629 1
CD013166_pub2 0 28751439 1
CD013166_pub2 0 29082117 1
CD013166_pub2 0 29746858 1
CD013166_pub2 0 30352488 1
CD013166_pub2 0 30710107 1
CD013166_pub2 0 30833150 1
CD013166_pub2 0 31030826 1
CD013166_pub2 0 31711912 1
CD013166_pub2 0 31735700 1
CD013166_pub2 0 32184082 1
CD013166_pub2 0 32799804 1
CD013166_pub2 0 33209675 1
CD013166_pub2 0 33227246 1
CD013166_pub2 0 33637039 1
CD013166_pub2 0 33782057 1
CD013166_pub2 0 33871063 1
CD013166_pub2 0 34183196 1
CD013166_pub2 0 34274822 1
CD013166_pub2 0 34511369 1
CD013166_pub2 0 34552784 1
CD013166_pub2 0 34733663 1
CD013166_pub2 0 34776050 1
CD013166_pub2 0 34829899 1
CD013166_pub2 0 35928730 1
CD013166_pub2 0 35934265 1
CD013166_pub2 0 36197142 1
CD013166_pub2 0 36575829 1
CD013166_pub2 0 40654049 1
CD013166_pub2 0 6922469 1
CD013166_pub2 0 9187685 1
CD013166_pub2 0 9580646 1
CD013603_pub2 0 11560653 1
CD013603_pub2 0 12192971 1
CD013603_pub2 0 12469572 1
CD013603_pub2 0 12492384 1
CD013603_pub2 0 12602790 1
CD013603_pub2 0 12800702 1
CD013603_pub2 0 14722477 1
CD013603_pub2 0 15210096 1
CD013603_pub2 0 15369032 1
CD013603_pub2 0 16026725 1
CD013603_pub2 0 16202022 1
CD013603_pub2 0 16731668 1
CD013603_pub2 0 16896389 1
CD013603_pub2 0 17120883 1
CD013603_pub2 0 17378862 1
CD013603_pub2 0 17470048 1
CD013603_pub2 0 17595924 1
CD013603_pub2 0 17729213 1
CD013603_pub2 0 18368217 1
CD013603_pub2 0 18416812 1
CD013603_pub2 0 18664526 1
CD013603_pub2 0 18790322 1
CD013603_pub2 0 18800280 1
CD013603_pub2 0 19147698 1
CD013603_pub2 0 19240981 1
CD013603_pub2 0 19305674 1
CD013603_pub2 0 19480516 1
CD013603_pub2 0 19503962 1
CD013603_pub2 0 19513181 1
CD013603_pub2 0 19590762 1
CD013603_pub2 0 19664226 1
CD013603_pub2 0 19689186 1
CD013603_pub2 0 19723374 1
CD013603_pub2 0 20473474 1
CD013603_pub2 0 20551769 1
CD013603_pub2 0 20644629 1
CD013603_pub2 0 20885181 1
CD013603_pub2 0 21090989 1
CD013603_pub2 0 21352140 1
CD013603_pub2 0 21496242 1
CD013603_pub2 0 21517176 1
CD013603_pub2 0 21659295 1
CD013603_pub2 0 21735392 1
CD013603_pub2 0 21968202 1
CD013603_pub2 0 22146330 1
CD013603_pub2 0 22315386 1
CD013603_pub2 0 22315389 1
CD013603_pub2 0 22369041 1
CD013603_pub2 0 22791556 1
CD013603_pub2 0 22852792 1
CD013603_pub2 0 22942814 1
CD013603_pub2 0 23061876 1
CD013603_pub2 0 23245416 1
CD013603_pub2 0 23299835 1
CD013603_pub2 0 23311431 1
CD013603_pub2 0 23364101 1
CD013603_pub2 0 23593051 1
CD013603_pub2 0 23623472 1
CD013603_pub2 0 23647922 1
CD013603_pub2 0 23679667 1
CD013603_pub2 0 23687482 1
CD013603_pub2 0 23738058 1
CD013603_pub2 0 23758816 1
CD013603_pub2 0 23882163 1
CD013603_pub2 0 23910217 1
CD013603_pub2 0 24025379 1
CD013603_pub2 0 24073131 1
CD013603_pub2 0 24126445 1
CD013603_pub2 0 24191727 1
CD013603_pub2 0 24279947 1
CD013603_pub2 0 24326602 1
CD013603_pub2 0 24455220 1
CD013603_pub2 0 24479605 1
CD013603_pub2 0 24581143 1
CD013603_pub2 0 24609605 1
CD013603_pub2 0 24679108 1
CD013603_pub2 0 24892130 1
CD013603_pub2 0 24973125 1
CD013603_pub2 0 25025872 1
CD013603_pub2 0 25042543 1
CD013603_pub2 0 25284048 1
CD013603_pub2 0 25310637 1
CD013603_pub2 0 25351312 1
CD013603_pub2 0 25414954 1
CD013603_pub2 0 25427787 1
CD013603_pub2 0 25499098 1
CD013603_pub2 0 25518900 1
CD013603_pub2 0 25550690 1
CD013603_pub2 0 25603914 1
CD013603_pub2 0 25627456 1
CD013603_pub2 0 25739063 1
CD013603_pub2 0 25759607 1
CD013603_pub2 0 25776522 1
CD013603_pub2 0 25806085 1
CD013603_pub2 0 25810788 1
CD013603_pub2 0 25879464 1
CD013603_pub2 0 25889415 1
CD013603_pub2 0 25963906 1
CD013603_pub2 0 25978632 1
CD013603_pub2 0 26048616 1
CD013603_pub2 0 26134548 1
CD013603_pub2 0 26161485 1
CD013603_pub2 0 26292703 1
CD013603_pub2 0 26309341 1
CD013603_pub2 0 26311391 1
CD013603_pub2 0 26359470 1
CD013603_pub2 0 26359472 1
CD013603_pub2 0 26359473 1
CD013603_pub2 0 26378900 1
CD013603_pub2 0 26406803 1
CD013603_pub2 0 26432790 1
CD013603_pub2 0 26433718 1
CD013603_pub2 0 26471509 1
CD013603_pub2 0 26542621 1
CD013603_pub2 0 26632954 1
CD013603_pub2 0 26650748 1
CD013603_pub2 0 26691205 1
CD013603_pub2 0 26695492 1
CD013603_pub2 0 26763048 1
CD013603_pub2 0 26769248 1
CD013603_pub2 0 26831500 1
CD013603_pub2 0 26841916 1
CD013603_pub2 0 26857112 1
CD013603_pub2 0 26917865 1
CD013603_pub2 0 26965307 1
CD013603_pub2 0 26966502 1
CD013603_pub2 0 27001107 1
CD013603_pub2 0 27014368 1
CD013603_pub2 0 27198977 1
CD013603_pub2 0 27269425 1
CD013603_pub2 0 27401164 1
CD013603_pub2 0 27542353 1
CD013603_pub2 0 27637820 1
CD013603_pub2 0 27687854 1
CD013603_pub2 0 27700976 1
CD013603_pub2 0 27716299 1
CD013603_pub2 0 27756297 1
CD013603_pub2 0 27764128 1
CD013603_pub2 0 27775401 1
CD013603_pub2 0 27833396 1
CD013603_pub2 0 27893261 1
CD013603_pub2 0 28073346 1
CD013603_pub2 0 28207046 1
CD013603_pub2 0 28217034 1
CD013603_pub2 0 28257405 1
CD013603_pub2 0 28288445 1
CD013603_pub2 0 28290256 1
CD013603_pub2 0 28317469 1
CD013603_pub2 0 28350634 1
CD013603_pub2 0 28391593 1
CD013603_pub2 0 28413366 1
CD013603_pub2 0 28435420 1
CD013603_pub2 0 28442039 1
CD013603_pub2 0 28442054 1
CD013603_pub2 0 28544500 1
CD013603_pub2 0 28614504 1
CD013603_pub2 0 28648107 1
CD013603_pub2 0 28679283 1
CD013603_pub2 0 28692211 1
CD013603_pub2 0 28805405 1
CD013603_pub2 0 29028227 1
CD013603_pub2 0 29042851 1
CD013603_pub2 0 29095824 1
CD013603_pub2 0 29106512 1
CD013603_pub2 0 29132497 1
CD013603_pub2 0 29194541 1
CD013603_pub2 0 29194544 1
CD013603_pub2 0 29488052 1
CD013603_pub2 0 29528089 1
CD013603_pub2 0 29529881 1
CD013603_pub2 0 29530163 1
CD013603_pub2 0 29747651 1
CD013603_pub2 0 29779549 1
CD013603_pub2 0 29783981 1
CD013603_pub2 0 29790040 1
CD013603_pub2 0 29800396 1
CD013603_pub2 0 29881450 1
CD013603_pub2 0 29914524 1
CD013603_pub2 0 29968148 1
CD013603_pub2 0 30020376 1
CD013603_pub2 0 30057150 1
CD013603_pub2 0 30083419 1
CD013603_pub2 0 30109582 1
CD013603_pub2 0 30115050 1
CD013603_pub2 0 30127688 1
CD013603_pub2 0 30127695 1
CD013603_pub2 0 30127703 1
CD013603_pub2 0 30132357 1
CD013603_pub2 0 30138331 1
CD013603_pub2 0 30148581 1
CD013603_pub2 0 30171449 1
CD013603_pub2 0 30178033 1
CD013603_pub2 0 30201665 1
CD013603_pub2 0 30214389 1
CD013603_pub2 0 30217152 1
CD013603_pub2 0 30276504 1
CD013603_pub2 0 30312338 1
CD013603_pub2 0 30321086 1
CD013603_pub2 0 30402593 1
CD013603_pub2 0 30477492 1
CD013603_pub2 0 30532665 1
CD013603_pub2 0 30540055 1
CD013603_pub2 0 30566511 1
CD013603_pub2 0 30594185 1
CD013603_pub2 0 30643348 1
CD013603_pub2 0 30691447 1
CD013603_pub2 0 30704459 1
CD013603_pub2 0 30719963 1
CD013603_pub2 0 30723799 1
CD013603_pub2 0 30775003 1
CD013603_pub2 0 30843402 1
CD013603_pub2 0 30897535 1
CD013603_pub2 0 30949234 1
CD013603_pub2 0 30949466 1
CD013603_pub2 0 30990276 1
CD013603_pub2 0 31038335 1
CD013603_pub2 0 31072352 1
CD013603_pub2 0 31088777 1
CD013603_pub2 0 31093493 1
CD013603_pub2 0 31138238 1
CD013603_pub2 0 31306453 1
CD013603_pub2 0 31368314 1
CD013603_pub2 0 31394918 1
CD013603_pub2 0 31400097 1
CD013603_pub2 0 31409362 1
CD013603_pub2 0 31429671 1
CD013603_pub2 0 31530322 1
CD013603_pub2 0 31541534 1
CD013603_pub2 0 31558598 1
CD013603_pub2 0 31573914 1
CD013603_pub2 0 31610790 1
CD013603_pub2 0 31644751 1
CD013603_pub2 0 31644760 1
CD013603_pub2 0 31657176 1
CD013603_pub2 0 31672248 1
CD013603_pub2 0 31713277 1
CD013603_pub2 0 31730457 1
CD013603_pub2 0 31740126 1
CD013603_pub2 0 31798357 1
CD013603_pub2 0 31803710 1
CD013603_pub2 0 31827256 1
CD013603_pub2 0 32011720 1
CD013603_pub2 0 32047599 1
CD013603_pub2 0 32190108 1
CD013603_pub2 0 32205263 1
CD013603_pub2 0 32239873 1
CD013603_pub2 0 32271846 1
CD013603_pub2 0 32411295 1
CD013603_pub2 0 32423225 1
CD013603_pub2 0 32484743 1
CD013603_pub2 0 32576574 1
CD013603_pub2 0 32586318 1
CD013603_pub2 0 32595166 1
CD013603_pub2 0 32599688 1
CD013603_pub2 0 32645060 1
CD013603_pub2 0 32661013 1
CD013603_pub2 0 32673339 1
CD013603_pub2 0 32675262 1
CD013603_pub2 0 32975528 1
CD013603_pub2 0 33781348 1
CD013603_pub2 0 37434293 1
CD013603_pub2 0 6510320 1
CD013603_pub2 0 9272259 1
CD013763_pub2 0 10877304 1
CD013763_pub2 0 14739801 1
CD013763_pub2 0 15116347 1
CD013763_pub2 0 15477051 1
CD013763_pub2 0 17592831 1
CD013763_pub2 0 18945716 1
CD013763_pub2 0 22374389 1
CD013763_pub2 0 22735301 1
CD013763_pub2 0 24464831 1
CD013763_pub2 0 25917518 1
CD013763_pub2 0 26237236 1
CD013763_pub2 0 26241763 1
CD013763_pub2 0 26731032 1
CD013763_pub2 0 26897642 1
CD013763_pub2 0 27258998 1
CD013763_pub2 0 27406637 1
CD013763_pub2 0 27419911 1
CD013763_pub2 0 27501016 1
CD013763_pub2 0 27940457 1
CD013763_pub2 0 28188611 1
CD013763_pub2 0 29503121 1
CD013763_pub2 0 29633816 1
CD013763_pub2 0 29746445 1
CD013763_pub2 0 29926477 1
CD013763_pub2 0 29940227 1
CD013763_pub2 0 29980005 1
CD013763_pub2 0 30052229 1
CD013763_pub2 0 30055991 1
CD013763_pub2 0 30113699 1
CD013763_pub2 0 30396100 1
CD013763_pub2 0 30535555 1
CD013763_pub2 0 30662115 1
CD013763_pub2 0 30801359 1
CD013763_pub2 0 30833858 1
CD013763_pub2 0 30851501 1
CD013763_pub2 0 30853517 1
CD013763_pub2 0 30930141 1
CD013763_pub2 0 30983589 1
CD013763_pub2 0 30988534 1
CD013763_pub2 0 31008725 1
CD013763_pub2 0 31031480 1
CD013763_pub2 0 31033625 1
CD013763_pub2 0 31118757 1
CD013763_pub2 0 31122843 1
CD013763_pub2 0 31168455 1
CD013763_pub2 0 31198256 1
CD013763_pub2 0 31207693 1
CD013763_pub2 0 31270055 1
CD013763_pub2 0 31280100 1
CD013763_pub2 0 31462531 1
CD013763_pub2 0 31462806 1
CD013763_pub2 0 31563269 1
CD013763_pub2 0 31620856 1
CD013763_pub2 0 31627839 1
CD013763_pub2 0 31649028 1
CD013763_pub2 0 31658293 1
CD013763_pub2 0 31678959 1
CD013763_pub2 0 31695476 1
CD013763_pub2 0 31704789 1
CD013763_pub2 0 31736025 1
CD013763_pub2 0 31833864 1
CD013763_pub2 0 31839083 1
CD013763_pub2 0 31862217 1
CD013763_pub2 0 31879425 1
CD013763_pub2 0 31880963 1
CD013763_pub2 0 31969443 1
CD013763_pub2 0 31998015 1
CD013763_pub2 0 32092617 1
CD013763_pub2 0 32109743 1
CD013763_pub2 0 32115049 1
CD013763_pub2 0 32144056 1
CD013763_pub2 0 32152885 1
CD013763_pub2 0 32157075 1
CD013763_pub2 0 32171499 1
CD013763_pub2 0 32179393 1
CD013763_pub2 0 32308470 1
CD013763_pub2 0 32317873 1
CD013763_pub2 0 32417925 1
CD013763_pub2 0 32449336 1
CD013763_pub2 0 32609389 1
CD013763_pub2 0 32660716 1
CD013763_pub2 0 32709172 1
CD013763_pub2 0 32843804 1
CD013763_pub2 0 32886200 1
CD013763_pub2 0 32915300 1
CD013763_pub2 0 32944329 1
CD013763_pub2 0 32955601 1
CD013763_pub2 0 32956890 1
CD013763_pub2 0 32979028 1
CD013763_pub2 0 33031265 1
CD013763_pub2 0 33096517 1
CD013763_pub2 0 33155041 1
CD013763_pub2 0 33168651 1
CD013763_pub2 0 33209056 1
CD013763_pub2 0 33259450 1
CD013763_pub2 0 33295128 1
CD013763_pub2 0 33358107 1
CD013763_pub2 0 33380573 1
CD013763_pub2 0 33447190 1
CD013763_pub2 0 33483269 1
CD013763_pub2 0 33487820 1
CD013763_pub2 0 33610172 1
CD013763_pub2 0 33653982 1
CD013763_pub2 0 33706565 1
CD013763_pub2 0 33740348 1
CD013763_pub2 0 33751203 1
CD013763_pub2 0 33790047 1
CD013763_pub2 0 33832806 1
CD013763_pub2 0 33838536 1
CD013763_pub2 0 33878196 1
CD013763_pub2 0 33895221 1
CD013763_pub2 0 33982985 1
CD013763_pub2 0 33988939 1
CD013763_pub2 0 33997205 1
CD013763_pub2 0 34085883 1
CD013763_pub2 0 34188631 1
CD013763_pub2 0 34211198 1
CD013763_pub2 0 34301447 1
CD013763_pub2 0 34307563 1
CD013763_pub2 0 34325186 1
CD013763_pub2 0 34346027 1
CD013763_pub2 0 34347237 1
CD013763_pub2 0 34432822 1
CD013763_pub2 0 34449029 1
CD013763_pub2 0 34512011 1
CD013763_pub2 0 34571187 1
CD013763_pub2 0 34593667 1
CD013763_pub2 0 34638182 1
CD013763_pub2 0 34652717 1
CD013763_pub2 0 34688773 1
CD013763_pub2 0 34702183 1
CD013763_pub2 0 34779130 1
CD013763_pub2 0 34786249 1
CD013763_pub2 0 34802140 1
CD013763_pub2 0 34861745 1
CD013763_pub2 0 34893026 1
CD013763_pub2 0 37811665 1
CD013763_pub2 0 9310563 1
CD013856_pub2 0 10109801 1
CD013856_pub2 0 10430830 1
CD013856_pub2 0 10817956 1
CD013856_pub2 0 10895994 1
CD013856_pub2 0 11279765 1
CD013856_pub2 0 11391746 1
CD013856_pub2 0 11455079 1
CD013856_pub2 0 11509307 1
CD013856_pub2 0 11687029 1
CD013856_pub2 0 12370870 1
CD013856_pub2 0 12675906 1
CD013856_pub2 0 12917847 1
CD013856_pub2 0 1564476 1
CD013856_pub2 0 15827910 1
CD013856_pub2 0 16229022 1
CD013856_pub2 0 16247051 1
CD013856_pub2 0 16340099 1
CD013856_pub2 0 16360555 1
CD013856_pub2 0 16386155 1
CD013856_pub2 0 16713924 1
CD013856_pub2 0 17039221 1
CD013856_pub2 0 17055767 1
CD013856_pub2 0 17119004 1
CD013856_pub2 0 17229744 1
CD013856_pub2 0 17846069 1
CD013856_pub2 0 18074365 1
CD013856_pub2 0 18172414 1
CD013856_pub2 0 18181210 1
CD013856_pub2 0 18469574 1
CD013856_pub2 0 18534554 1
CD013856_pub2 0 18942100 1
CD013856_pub2 0 19025984 1
CD013856_pub2 0 19198605 1
CD013856_pub2 0 19329350 1
CD013856_pub2 0 19621072 1
CD013856_pub2 0 19660949 1
CD013856_pub2 0 19671145 1
CD013856_pub2 0 19959398 1
CD013856_pub2 0 20065131 1
CD013856_pub2 0 20213715 1
CD013856_pub2 0 20345926 1
CD013856_pub2 0 20581650 1
CD013856_pub2 0 20629134 1
CD013856_pub2 0 20669294 1
CD013856_pub2 0 20947672 1
CD013856_pub2 0 20976096 1
CD013856_pub2 0 21045119 1
CD013856_pub2 0 21474638 1
CD013856_pub2 0 21586143 1
CD013856_pub2 0 21603199 1
CD013856_pub2 0 21807139 1
CD013856_pub2 0 21844282 1
CD013856_pub2 0 21941685 1
CD013856_pub2 0 21953509 1
CD013856_pub2 0 21959675 1
CD013856_pub2 0 22046578 1
CD013856_pub2 0 22191076 1
CD013856_pub2 0 22257506 1
CD013856_pub2 0 22258155 1
CD013856_pub2 0 22266107 1
CD013856_pub2 0 2229948 1
CD013856_pub2 0 22316445 1
CD013856_pub2 0 22822237 1
CD013856_pub2 0 23128427 1
CD013856_pub2 0 23176532 1
CD013856_pub2 0 23422464 1
CD013856_pub2 0 23422465 1
CD013856_pub2 0 23480646 1
CD013856_pub2 0 23536417 1
CD013856_pub2 0 23731986 1
CD013856_pub2 0 23738230 1
CD013856_pub2 0 23821423 1
CD013856_pub2 0 23835431 1
CD013856_pub2 0 23853722 1
CD013856_pub2 0 24002341 1
CD013856_pub2 0 24021298 1
CD013856_pub2 0 24029446 1
CD013856_pub2 0 24188914 1
CD013856_pub2 0 24209458 1
CD013856_pub2 0 24213955 1
CD013856_pub2 0 24294526 1
CD013856_pub2 0 24316936 1
CD013856_pub2 0 24328720 1
CD013856_pub2 0 24375468 1
CD013856_pub2 0 24407915 1
CD013856_pub2 0 24519923 1
CD013856_pub2 0 24691217 1
CD013856_pub2 0 24895382 1
CD013856_pub2 0 24942211 1
CD013856_pub2 0 25038064 1
CD013856_pub2 0 25539782 1
CD013856_pub2 0 25552576 1
CD013856_pub2 0 25558138 1
CD013856_pub2 0 25567121 1
CD013856_pub2 0 25608520 1
CD013856_pub2 0 25609935 1
CD013856_pub2 0 25697454 1
CD013856_pub2 0 25722915 1
CD013856_pub2 0 25847555 1
CD013856_pub2 0 25847558 1
CD013856_pub2 0 25899544 1
CD013856_pub2 0 26030634 1
CD013856_pub2 0 26050074 1
CD013856_pub2 0 26053424 1
CD013856_pub2 0 26135376 1
CD013856_pub2 0 26227148 1
CD013856_pub2 0 26310941 1
CD013856_pub2 0 26474316 1
CD013856_pub2 0 26484516 1
CD013856_pub2 0 26501562 1
CD013856_pub2 0 26655100 1
CD013856_pub2 0 26661467 1
CD013856_pub2 0 26698015 1
CD013856_pub2 0 26700803 1
CD013856_pub2 0 26701996 1
CD013856_pub2 0 27027891 1
CD013856_pub2 0 27218051 1
CD013856_pub2 0 27221269 1
CD013856_pub2 0 27416005 1
CD013856_pub2 0 27512099 1
CD013856_pub2 0 27584142 1
CD013856_pub2 0 27751556 1
CD013856_pub2 0 27879959 1
CD013856_pub2 0 27888696 1
CD013856_pub2 0 27891159 1
CD013856_pub2 0 28000926 1
CD013856_pub2 0 28084851 1
CD013856_pub2 0 28088380 1
CD013856_pub2 0 28106568 1
CD013856_pub2 0 28161701 1
CD013856_pub2 0 28190675 1
CD013856_pub2 0 28202374 1
CD013856_pub2 0 28290191 1
CD013856_pub2 0 28336345 1
CD013856_pub2 0 28342682 1
CD013856_pub2 0 28374775 1
CD013856_pub2 0 28532886 1
CD013856_pub2 0 28627861 1
CD013856_pub2 0 28671140 1
CD013856_pub2 0 28673611 1
CD013856_pub2 0 28705551 1
CD013856_pub2 0 28930542 1
CD013856_pub2 0 28933613 1
CD013856_pub2 0 28980176 1
CD013856_pub2 0 29027544 1
CD013856_pub2 0 29095706 1
CD013856_pub2 0 29173985 1
CD013856_pub2 0 29228079 1
CD013856_pub2 0 29310015 1
CD013856_pub2 0 29321141 1
CD013856_pub2 0 29331916 1
CD013856_pub2 0 29337023 1
CD013856_pub2 0 29650371 1
CD013856_pub2 0 29796338 1
CD013856_pub2 0 29967649 1
CD013856_pub2 0 30007996 1
CD013856_pub2 0 30219460 1
CD013856_pub2 0 30231121 1
CD013856_pub2 0 30287051 1
CD013856_pub2 0 30303934 1
CD013856_pub2 0 30368495 1
CD013856_pub2 0 30377537 1
CD013856_pub2 0 30381367 1
CD013856_pub2 0 30514114 1
CD013856_pub2 0 30531383 1
CD013856_pub2 0 30624952 1
CD013856_pub2 0 30670228 1
CD013856_pub2 0 30703272 1
CD013856_pub2 0 30904467 1
CD013856_pub2 0 30944149 1
CD013856_pub2 0 30944720 1
CD013856_pub2 0 30958514 1
CD013856_pub2 0 31165721 1
CD013856_pub2 0 31256094 1
CD013856_pub2 0 31266016 1
CD013856_pub2 0 31433785 1
CD013856_pub2 0 31462531 1
CD013856_pub2 0 31485305 1
CD013856_pub2 0 31498138 1
CD013856_pub2 0 31516672 1
CD013856_pub2 0 31521532 1
CD013856_pub2 0 31526677 1
CD013856_pub2 0 31543859 1
CD013856_pub2 0 31561398 1
CD013856_pub2 0 31584838 1
CD013856_pub2 0 31665879 1
CD013856_pub2 0 31741209 1
CD013856_pub2 0 31799734 1
CD013856_pub2 0 31861456 1
CD013856_pub2 0 31868684 1
CD013856_pub2 0 31884492 1
CD013856_pub2 0 31936624 1
CD013856_pub2 0 32026844 1
CD013856_pub2 0 32070122 1
CD013856_pub2 0 32089815 1
CD013856_pub2 0 32092190 1
CD013856_pub2 0 32243458 1
CD013856_pub2 0 32249668 1
CD013856_pub2 0 32256559 1
CD013856_pub2 0 32300475 1
CD013856_pub2 0 32336211 1
CD013856_pub2 0 32379638 1
CD013856_pub2 0 32404132 1
CD013856_pub2 0 32529596 1
CD013856_pub2 0 32557868 1
CD013856_pub2 0 32561505 1
CD013856_pub2 0 32575003 1
CD013856_pub2 0 32660512 1
CD013856_pub2 0 32695306 1
CD013856_pub2 0 32708938 1
CD013856_pub2 0 32715810 1
CD013856_pub2 0 32717956 1
CD013856_pub2 0 32730325 1
CD013856_pub2 0 32746736 1
CD013856_pub2 0 32756578 1
CD013856_pub2 0 32793096 1
CD013856_pub2 0 32891018 1
CD013856_pub2 0 32914891 1
CD013856_pub2 0 32917125 1
CD013856_pub2 0 32963753 1
CD013856_pub2 0 33007212 1
CD013856_pub2 0 33013612 1
CD013856_pub2 0 33046475 1
CD013856_pub2 0 33162925 1
CD013856_pub2 0 33394100 1
CD013856_pub2 0 33467297 1
CD013856_pub2 0 33680093 1
CD013856_pub2 0 33848468 1
CD013856_pub2 0 33859712 1
CD013856_pub2 0 33946172 1
CD013856_pub2 0 33953563 1
CD013856_pub2 0 33967056 1
CD013856_pub2 0 33971928 1
CD013856_pub2 0 33978924 1
CD013856_pub2 0 34210995 1
CD013856_pub2 0 34392264 1
CD013856_pub2 0 34508083 1
CD013856_pub2 0 34867273 1
CD013856_pub2 0 34997759 1
CD013856_pub2 0 35146500 1
CD013856_pub2 0 35244766 1
CD013856_pub2 0 36602886 1
CD013856_pub2 0 3767624 1
CD013856_pub2 0 38588457 1
CD013856_pub2 0 5820999 1
CD013856_pub2 0 6067254 1
CD013856_pub2 0 6333204 1
CD013856_pub2 0 7613534 1
CD013856_pub2 0 8676165 1
CD013856_pub2 0 8684391 1
CD013856_pub2 0 9159724 1
CD013856_pub2 0 9310563 1
CD013856_pub2 0 9351479 1
CD013856_pub2 0 9371909 1
CD013856_pub2 0 9777901 1
CD013862_pub2 0 11468499 1
CD013862_pub2 0 11838889 1
CD013862_pub2 0 12594199 1
CD013862_pub2 0 12958120 1
CD013862_pub2 0 14564933 1
CD013862_pub2 0 15617616 1
CD013862_pub2 0 15870664 1
CD013862_pub2 0 15958357 1
CD013862_pub2 0 16161087 1
CD013862_pub2 0 17030973 1
CD013862_pub2 0 17383271 1
CD013862_pub2 0 17493564 1
CD013862_pub2 0 17663296 1
CD013862_pub2 0 17713847 1
CD013862_pub2 0 18155988 1
CD013862_pub2 0 18451770 1
CD013862_pub2 0 18701236 1
CD013862_pub2 0 19064504 1
CD013862_pub2 0 19296055 1
CD013862_pub2 0 19303675 1
CD013862_pub2 0 19335890 1
CD013862_pub2 0 19573051 1
CD013862_pub2 0 19622551 1
CD013862_pub2 0 19642959 1
CD013862_pub2 0 19650964 1
CD013862_pub2 0 19736554 1
CD013862_pub2 0 20630163 1
CD013862_pub2 0 20668950 1
CD013862_pub2 0 21047434 1
CD013862_pub2 0 21193852 1
CD013862_pub2 0 21195583 1
CD013862_pub2 0 21244862 1
CD013862_pub2 0 21443997 1
CD013862_pub2 0 21859516 1
CD013862_pub2 0 21924957 1
CD013862_pub2 0 21951353 1
CD013862_pub2 0 21998346 1
CD013862_pub2 0 22308855 1
CD013862_pub2 0 22309069 1
CD013862_pub2 0 22397833 1
CD013862_pub2 0 22425616 1
CD013862_pub2 0 22516482 1
CD013862_pub2 0 22546262 1
CD013862_pub2 0 22730932 1
CD013862_pub2 0 22732458 1
CD013862_pub2 0 23062403 1
CD013862_pub2 0 23110783 1
CD013862_pub2 0 23194185 1
CD013862_pub2 0 23343323 1
CD013862_pub2 0 23356862 1
CD013862_pub2 0 23515212 1
CD013862_pub2 0 23532990 1
CD013862_pub2 0 23547765 1
CD013862_pub2 0 23597235 1
CD013862_pub2 0 23701835 1
CD013862_pub2 0 23790990 1
CD013862_pub2 0 23795857 1
CD013862_pub2 0 24065371 1
CD013862_pub2 0 24200332 1
CD013862_pub2 0 24433126 1
CD013862_pub2 0 24580983 1
CD013862_pub2 0 24621661 1
CD013862_pub2 0 24662896 1
CD013862_pub2 0 24737131 1
CD013862_pub2 0 24742978 1
CD013862_pub2 0 25007060 1
CD013862_pub2 0 25047374 1
CD013862_pub2 0 25172069 1
CD013862_pub2 0 25208008 1
CD013862_pub2 0 25218879 1
CD013862_pub2 0 25460337 1
CD013862_pub2 0 25874120 1
CD013862_pub2 0 26312015 1
CD013862_pub2 0 26345462 1
CD013862_pub2 0 26385162 1
CD013862_pub2 0 26429075 1
CD013862_pub2 0 26498746 1
CD013862_pub2 0 26561382 1
CD013862_pub2 0 26654726 1
CD013862_pub2 0 26771119 1
CD013862_pub2 0 26777469 1
CD013862_pub2 0 26876631 1
CD013862_pub2 0 26896112 1
CD013862_pub2 0 26987876 1
CD013862_pub2 0 27053273 1
CD013862_pub2 0 27064274 1
CD013862_pub2 0 27068684 1
CD013862_pub2 0 27222162 1
CD013862_pub2 0 27244222 1
CD013862_pub2 0 27301484 1
CD013862_pub2 0 27338218 1
CD013862_pub2 0 27419040 1
CD013862_pub2 0 27457651 1
CD013862_pub2 0 27630110 1
CD013862_pub2 0 27793201 1
CD013862_pub2 0 27924501 1
CD013862_pub2 0 27979753 1
CD013862_pub2 0 27995831 1
CD013862_pub2 0 28028319 1
CD013862_pub2 0 28093091 1
CD013862_pub2 0 28103861 1
CD013862_pub2 0 28187722 1
CD013862_pub2 0 28202412 1
CD013862_pub2 0 28284191 1
CD013862_pub2 0 28303253 1
CD013862_pub2 0 28320705 1
CD013862_pub2 0 28454800 1
CD013862_pub2 0 28503022 1
CD013862_pub2 0 28557722 1
CD013862_pub2 0 28632874 1
CD013862_pub2 0 28699045 1
CD013862_pub2 0 28893755 1
CD013862_pub2 0 29017905 1
CD013862_pub2 0 29079478 1
CD013862_pub2 0 29128650 1
CD013862_pub2 0 29158150 1
CD013862_pub2 0 29162057 1
CD013862_pub2 0 29173218 1
CD013862_pub2 0 29320996 1
CD013862_pub2 0 29421198 1
CD013862_pub2 0 29494537 1
CD013862_pub2 0 29601921 1
CD013862_pub2 0 30004247 1
CD013862_pub2 0 30007401 1
CD013862_pub2 0 30115230 1
CD013862_pub2 0 30281073 1
CD013862_pub2 0 30290205 1
CD013862_pub2 0 30368450 1
CD013862_pub2 0 30391226 1
CD013862_pub2 0 30417473 1
CD013862_pub2 0 30550775 1
CD013862_pub2 0 30578226 1
CD013862_pub2 0 30630109 1
CD013862_pub2 0 30777080 1
CD013862_pub2 0 30845936 1
CD013862_pub2 0 30909715 1
CD013862_pub2 0 30954305 1
CD013862_pub2 0 30975106 1
CD013862_pub2 0 30999881 1
CD013862_pub2 0 31023422 1
CD013862_pub2 0 31036038 1
CD013862_pub2 0 31060275 1
CD013862_pub2 0 31078191 1
CD013862_pub2 0 31179916 1
CD013862_pub2 0 31229396 1
CD013862_pub2 0 31303190 1
CD013862_pub2 0 31321204 1
CD013862_pub2 0 31332776 1
CD013862_pub2 0 31337047 1
CD013862_pub2 0 31343857 1
CD013862_pub2 0 31378647 1
CD013862_pub2 0 31378648 1
CD013862_pub2 0 31409342 1
CD013862_pub2 0 31470886 1
CD013862_pub2 0 31494058 1
CD013862_pub2 0 31525490 1
CD013862_pub2 0 31675942 1
CD013862_pub2 0 31711912 1
CD013862_pub2 0 31728203 1
CD013862_pub2 0 31752917 1
CD013862_pub2 0 31805973 1
CD013862_pub2 0 31830926 1
CD013862_pub2 0 31899253 1
CD013862_pub2 0 31902132 1
CD013862_pub2 0 31917129 1
CD013862_pub2 0 31937362 1
CD013862_pub2 0 31948937 1
CD013862_pub2 0 32036618 1
CD013862_pub2 0 32091593 1
CD013862_pub2 0 32306943 1
CD013862_pub2 0 32383429 1
CD013862_pub2 0 32449203 1
CD013862_pub2 0 32610487 1
CD013862_pub2 0 32859118 1
CD013862_pub2 0 32942598 1
CD013862_pub2 0 32945037 1
CD013862_pub2 0 32947578 1
CD013862_pub2 0 32959370 1
CD013862_pub2 0 33013212 1
CD013862_pub2 0 33036371 1
CD013862_pub2 0 33231679 1
CD013862_pub2 0 33292720 1
CD013862_pub2 0 33354492 1
CD013862_pub2 0 33413491 1
CD013862_pub2 0 33478165 1
CD013862_pub2 0 33549836 1
CD013862_pub2 0 33632330 1
CD013862_pub2 0 33836215 1
CD013862_pub2 0 33853802 1
CD013862_pub2 0 33933130 1
CD013862_pub2 0 33985467 1
CD013862_pub2 0 34298547 1
CD013862_pub2 0 34702425 1
CD013862_pub2 0 34776826 1
CD013862_pub2 0 34857552 1
CD013862_pub2 0 34914617 1
CD013862_pub2 0 34948677 1
CD013862_pub2 0 34982718 1
CD013862_pub2 0 35142711 1
CD013862_pub2 0 35206167 1
CD013862_pub2 0 35297768 1
CD013862_pub2 0 35428298 1
CD013862_pub2 0 35927469 1
CD013862_pub2 0 37306513 1
CD013862_pub2 0 9578999 1
CD013862_pub2 0 9614255 1
CD014160_base 0 11420320 1
CD014160_base 0 1163358 1
CD014160_base 0 12230898 1
CD014160_base 0 12467083 1
CD014160_base 0 14600535 1
CD014160_base 0 15349795 1
CD014160_base 0 15464271 1
CD014160_base 0 16099045 1
CD014160_base 0 16106605 1
CD014160_base 0 16393878 1
CD014160_base 0 17615092 1
CD014160_base 0 18165830 1
CD014160_base 0 18803496 1
CD014160_base 0 18992788 1
CD014160_base 0 19109766 1
CD014160_base 0 19344048 1
CD014160_base 0 19622552 1
CD014160_base 0 19631508 1
CD014160_base 0 19692803 1
CD014160_base 0 21349059 1
CD014160_base 0 21982805 1
CD014160_base 0 22141917 1
CD014160_base 0 22291123 1
CD014160_base 0 22461842 1
CD014160_base 0 22462236 1
CD014160_base 0 22609430 1
CD014160_base 0 22619693 1
CD014160_base 0 22666295 1
CD014160_base 0 22682006 1
CD014160_base 0 23187048 1
CD014160_base 0 23304215 1
CD014160_base 0 23440822 1
CD014160_base 0 23479191 1
CD014160_base 0 23665887 1
CD014160_base 0 23920052 1
CD014160_base 0 24693326 1
CD014160_base 0 24761178 1
CD014160_base 0 25070299 1
CD014160_base 0 25354241 1
CD014160_base 0 25913111 1
CD014160_base 0 25950453 1
CD014160_base 0 26504123 1
CD014160_base 0 26823672 1
CD014160_base 0 26867822 1
CD014160_base 0 27607517 1
CD014160_base 0 27802529 1
CD014160_base 0 27994492 1
CD014160_base 0 29263121 1
CD014160_base 0 31462446 1
CD014160_base 0 31711912 1
CD014160_base 0 32695647 1
CD014160_base 0 33766722 1
CD014160_base 0 34002380 1
CD014160_base 0 34231914 1
CD014160_base 0 35269431 1
CD014160_base 0 36494036 1
CD014160_base 0 39981752 1
CD014160_base 0 9310563 1
CD014226_base 0 10826454 1
CD014226_base 0 12469040 1
CD014226_base 0 1468842 1
CD014226_base 0 15205295 1
CD014226_base 0 15210603 1
CD014226_base 0 15234707 1
CD014226_base 0 15978925 1
CD014226_base 0 15978926 1
CD014226_base 0 17127084 1
CD014226_base 0 17514693 1
CD014226_base 0 19304678 1
CD014226_base 0 19622552 1
CD014226_base 0 20081762 1
CD014226_base 0 21326529 1
CD014226_base 0 21326798 1
CD014226_base 0 22183704 1
CD014226_base 0 22222802 1
CD014226_base 0 24399331 1
CD014226_base 0 24417826 1
CD014226_base 0 25170271 1
CD014226_base 0 25240242 1
CD014226_base 0 27743617 1
CD014226_base 0 28662928 1
CD014226_base 0 31290986 1
CD014226_base 0 31899100 1
CD014226_base 0 32273226 1
CD014226_base 0 32407016 1
CD014226_base 0 34019983 1
CD014226_base 0 40433852 1
CD014226_base 0 686902 1
CD014226_base 0 9185003 1
CD014612_base 0 12958120 1
CD014612_base 0 17059733 1
CD014612_base 0 17132415 1
CD014612_base 0 19621072 1
CD014612_base 0 19622552 1
CD014612_base 0 21126922 1
CD014612_base 0 25708572 1
CD014612_base 0 26003892 1
CD014612_base 0 26456394 1
CD014612_base 0 26659861 1
CD014612_base 0 26895675 1
CD014612_base 0 27189352 1
CD014612_base 0 30167987 1
CD014612_base 0 30747629 1
CD014612_base 0 31125004 1
CD014612_base 0 31462531 1
CD014612_base 0 31948937 1
CD014612_base 0 32178649 1
CD014612_base 0 32270276 1
CD014612_base 0 33711136 1
CD014612_base 0 33947376 1
CD014612_base 0 34739599 1
CD014612_base 0 35129527 1
CD014612_base 0 40197535 1
CD014612_base 0 9310563 1
CD015127_base 0 11207184 1
CD015127_base 0 14989446 1
CD015127_base 0 15329741 1
CD015127_base 0 15520112 1
CD015127_base 0 16198896 1
CD015127_base 0 16678075 1
CD015127_base 0 17377399 1
CD015127_base 0 18977994 1
CD015127_base 0 19621070 1
CD015127_base 0 19631508 1
CD015127_base 0 20539251 1
CD015127_base 0 20857238 1
CD015127_base 0 21301866 1
CD015127_base 0 21999643 1
CD015127_base 0 23479191 1
CD015127_base 0 23809340 1
CD015127_base 0 24435191 1
CD015127_base 0 26195536 1
CD015127_base 0 26262797 1
CD015127_base 0 29470322 1
CD015127_base 0 29551318 1
CD015127_base 0 29915158 1
CD015127_base 0 30377188 1
CD015127_base 0 3081865 1
CD015127_base 0 3174313 1
CD015127_base 0 32443038 1
CD015127_base 0 40066936 1
CD015127_base 0 413500 1
CD015127_base 0 7347216 1
CD015127_base 0 7983564 1
CD015127_base 0 8403746 1
CD015127_base 0 8970752 1
CD015127_base 0 9135527 1
CD015127_base 0 9310563 1
CD015127_base 0 9821423 1
CD015551_base 0 12180483 1
CD015551_base 0 15968036 1
CD015551_base 0 19621072 1
CD015551_base 0 23396855 1
CD015551_base 0 24960295 1
CD015551_base 0 26602587 1
CD015551_base 0 26850760 1
CD015551_base 0 27733354 1
CD015551_base 0 28160269 1
CD015551_base 0 29388675 1
CD015551_base 0 29432858 1
CD015551_base 0 29688266 1
CD015551_base 0 30744963 1
CD015551_base 0 30744964 1
CD015551_base 0 31462531 1
CD015551_base 0 31711912 1
CD015551_base 0 32336025 1
CD015551_base 0 33538338 1
CD015551_base 0 33740454 1
CD015551_base 0 34234229 1
CD015551_base 0 34794855 1
CD015551_base 0 35020204 1
CD015551_base 0 35214642 1
CD015592_pub2 0 12437706 1
CD015592_pub2 0 14600535 1
CD015592_pub2 0 14770046 1
CD015592_pub2 0 15121964 1
CD015592_pub2 0 15290485 1
CD015592_pub2 0 16299876 1
CD015592_pub2 0 16510670 1
CD015592_pub2 0 18165830 1
CD015592_pub2 0 18180641 1
CD015592_pub2 0 18989240 1
CD015592_pub2 0 19076571 1
CD015592_pub2 0 19621070 1
CD015592_pub2 0 22684159 1
CD015592_pub2 0 23316895 1
CD015592_pub2 0 23408712 1
CD015592_pub2 0 23479191 1
CD015592_pub2 0 23603648 1
CD015592_pub2 0 24491511 1
CD015592_pub2 0 25063721 1
CD015592_pub2 0 26417957 1
CD015592_pub2 0 27005575 1
CD015592_pub2 0 27856020 1
CD015592_pub2 0 29248383 1
CD015592_pub2 0 31609437 1
CD015592_pub2 0 32002614 1
CD015592_pub2 0 32117835 1
CD015592_pub2 0 32295554 1
CD015592_pub2 0 32680615 1
CD015592_pub2 0 34211946 1
CD015592_pub2 0 34980050 1
CD015592_pub2 0 35616073 1
CD015592_pub2 0 36460015 1
CD015592_pub2 0 37767875 1
CD015592_pub2 0 37870133 1
CD015592_pub2 0 38096386 1
CD015592_pub2 0 5423940 1
CD015592_pub2 0 576154 1
CD015592_pub2 0 6401357 1
CD015592_pub2 0 6637909 1
CD015592_pub2 0 8413140 1
CD015592_pub2 0 8424014 1
CD015592_pub2 0 8722730 1
CD015592_pub2 0 9220806 1
CD015592_pub2 0 9295899 1
CD015592_pub2 0 9310563 1
CD015701_base 0 19622552 1
CD015701_base 0 19903932 1
CD015701_base 0 23479191 1
CD015701_base 0 24844211 1
CD015701_base 0 25282162 1
CD015701_base 0 26276245 1
CD015701_base 0 26423546 1
CD015701_base 0 26536211 1
CD015701_base 0 27030698 1
CD015701_base 0 27091008 1
CD015701_base 0 31204114 1
CD015701_base 0 31462531 1
CD015701_base 0 31948937 1
CD015701_base 0 35271867 1
CD015701_base 0 40476466 1
CD015701_base 0 8837605 1
CD015701_base 0 9310563 1
CD015705_base 0 10558335 1
CD015705_base 0 17880693 1
CD015705_base 0 19699570 1
CD015705_base 0 20961442 1
CD015705_base 0 29247700 1
CD015705_base 0 29335160 1
CD015705_base 0 29384079 1
CD015705_base 0 30709371 1
CD015705_base 0 30856217 1
CD015705_base 0 30982950 1
CD015705_base 0 31391071 1
CD015705_base 0 31608981 1
CD015705_base 0 31727150 1
CD015705_base 0 31952495 1
CD015705_base 0 32061280 1
CD015705_base 0 32216074 1
CD015705_base 0 32779730 1
CD015705_base 0 32813276 1
CD015705_base 0 32813281 1
CD015705_base 0 33539585 1
CD015705_base 0 33781993 1
CD015705_base 0 33782057 1
CD015705_base 0 33814676 1
CD015705_base 0 34271590 1
CD015705_base 0 34282603 1
CD015705_base 0 34314020 1
CD015705_base 0 34706066 1
CD015705_base 0 40231271 1
CD015721_base 0 23479191 1
CD015721_base 0 23697546 1
CD015721_base 0 25072528 1
CD015721_base 0 29212743 1
CD015721_base 0 31462531 1
CD015721_base 0 33464293 1
CD015721_base 0 33782057 1
CD015721_base 0 34125952 1
CD015721_base 0 34487721 1
CD015721_base 0 35078371 1
CD015721_base 0 3802833 1
CD015721_base 0 9310563 1
CD015746_base 0 11320385 1
CD015746_base 0 12456854 1
CD015746_base 0 12958120 1
CD015746_base 0 19622552 1
CD015746_base 0 19706868 1
CD015746_base 0 24156285 1
CD015746_base 0 25458731 1
CD015746_base 0 25870324 1
CD015746_base 0 25912288 1
CD015746_base 0 26649174 1
CD015746_base 0 26901576 1
CD015746_base 0 27083427 1
CD015746_base 0 28084065 1
CD015746_base 0 28369224 1
CD015746_base 0 29851031 1
CD015746_base 0 29972655 1
CD015746_base 0 30170987 1
CD015746_base 0 30578318 1
CD015746_base 0 30629573 1
CD015746_base 0 30767002 1
CD015746_base 0 30767005 1
CD015746_base 0 30792131 1
CD015746_base 0 30867162 1
CD015746_base 0 31462531 1
CD015746_base 0 31665781 1
CD015746_base 0 31665782 1
CD015746_base 0 32725225 1
CD015746_base 0 33150320 1
CD015746_base 0 33176205 1
CD015746_base 0 33637488 1
CD015746_base 0 33782057 1
CD015746_base 0 34297962 1
CD015746_base 0 34384540 1
CD015746_base 0 34525285 1
CD015746_base 0 34625288 1
CD015746_base 0 34678198 1
CD015746_base 0 34774362 1
CD015746_base 0 34942089 1
CD015746_base 0 34942090 1
CD015746_base 0 35087084 1
CD015746_base 0 35111719 1
CD015746_base 0 36420914 1
CD015746_base 0 36795626 1
CD015746_base 0 40326553 1
CD015749_base 0 11556941 1
CD015749_base 0 12148109 1
CD015749_base 0 14711465 1
CD015749_base 0 16717171 1
CD015749_base 0 16837638 1
CD015749_base 0 17555582 1
CD015749_base 0 17699207 1
CD015749_base 0 18453365 1
CD015749_base 0 18718696 1
CD015749_base 0 19582484 1
CD015749_base 0 19622552 1
CD015749_base 0 19705518 1
CD015749_base 0 19819724 1
CD015749_base 0 19912306 1
CD015749_base 0 19950325 1
CD015749_base 0 20060626 1
CD015749_base 0 20154608 1
CD015749_base 0 21296615 1
CD015749_base 0 21420558 1
CD015749_base 0 21621634 1
CD015749_base 0 21784880 1
CD015749_base 0 22513961 1
CD015749_base 0 22563468 1
CD015749_base 0 22831159 1
CD015749_base 0 23111703 1
CD015749_base 0 23520905 1
CD015749_base 0 23539127 1
CD015749_base 0 23543530 1
CD015749_base 0 23845384 1
CD015749_base 0 24157716 1
CD015749_base 0 24569913 1
CD015749_base 0 24609605 1
CD015749_base 0 24877061 1
CD015749_base 0 25106703 1
CD015749_base 0 26061376 1
CD015749_base 0 26083652 1
CD015749_base 0 26404858 1
CD015749_base 0 26558899 1
CD015749_base 0 26675232 1
CD015749_base 0 26901573 1
CD015749_base 0 27334146 1
CD015749_base 0 27891294 1
CD015749_base 0 28529552 1
CD015749_base 0 28614627 1
CD015749_base 0 28924269 1
CD015749_base 0 29089899 1
CD015749_base 0 29440149 1
CD015749_base 0 29470825 1
CD015749_base 0 29489032 1
CD015749_base 0 30180745 1
CD015749_base 0 30449195 1
CD015749_base 0 30461213 1
CD015749_base 0 30461449 1
CD015749_base 0 30464312 1
CD015749_base 0 30482179 1
CD015749_base 0 30497786 1
CD015749_base 0 30526137 1
CD015749_base 0 30637985 1
CD015749_base 0 30661630 1
CD015749_base 0 30685983 1
CD015749_base 0 30944994 1
CD015749_base 0 30977979 1
CD015749_base 0 31259217 1
CD015749_base 0 31420233 1
CD015749_base 0 31642200 1
CD015749_base 0 31737350 1
CD015749_base 0 31895232 1
CD015749_base 0 31948937 1
CD015749_base 0 32124164 1
CD015749_base 0 32432946 1
CD015749_base 0 32970097 1
CD015749_base 0 33012131 1
CD015749_base 0 33038282 1
CD015749_base 0 33173285 1
CD015749_base 0 33735441 1
CD015749_base 0 33971783 1
CD015749_base 0 34144781 1
CD015749_base 0 34461588 1
CD015749_base 0 34527775 1
CD015749_base 0 34801415 1
CD015749_base 0 34832866 1
CD015749_base 0 34966115 1
CD015749_base 0 35301816 1
CD015749_base 0 36055378 1
CD015749_base 0 36118624 1
CD015749_base 0 36327348 1
CD015749_base 0 36553868 1
CD015749_base 0 3802833 1
CD015749_base 0 40130780 1
CD015749_base 0 8126356 1
CD015749_base 0 9095563 1
CD015749_base 0 9310563 1
CD015749_base 0 9921604 1
CD015751_base 0 10524786 1
CD015751_base 0 11473162 1
CD015751_base 0 12477016 1
CD015751_base 0 16448840 1
CD015751_base 0 16565363 1
CD015751_base 0 16636704 1
CD015751_base 0 18708259 1
CD015751_base 0 18723141 1
CD015751_base 0 20302969 1
CD015751_base 0 20832350 1
CD015751_base 0 21214414 1
CD015751_base 0 21498609 1
CD015751_base 0 22650150 1
CD015751_base 0 22960615 1
CD015751_base 0 24058130 1
CD015751_base 0 24058131 1
CD015751_base 0 24058133 1
CD015751_base 0 24058135 1
CD015751_base 0 24058139 1
CD015751_base 0 27094372 1
CD015751_base 0 27131891 1
CD015751_base 0 28797892 1
CD015751_base 0 28939265 1
CD015751_base 0 30321605 1
CD015751_base 0 31447543 1
CD015751_base 0 31462531 1
CD015751_base 0 32409235 1
CD015751_base 0 32612404 1
CD015751_base 0 33775382 1
CD015751_base 0 33782057 1
CD015751_base 0 34840071 1
CD015751_base 0 34955427 1
CD015751_base 0 35857328 1
CD015751_base 0 35950413 1
CD015751_base 0 39234924 1
CD015751_base 0 9310563 1
CD015751_base 0 9323733 1
CD015786_base 0 12711737 1
CD015786_base 0 12958120 1
CD015786_base 0 17347128 1
CD015786_base 0 17640720 1
CD015786_base 0 20091639 1
CD015786_base 0 22419290 1
CD015786_base 0 24663048 1
CD015786_base 0 24970683 1
CD015786_base 0 25340293 1
CD015786_base 0 25505230 1
CD015786_base 0 25549990 1
CD015786_base 0 26387863 1
CD015786_base 0 27871836 1
CD015786_base 0 28968482 1
CD015786_base 0 29439179 1
CD015786_base 0 30253217 1
CD015786_base 0 30306580 1
CD015786_base 0 30640685 1
CD015786_base 0 30670455 1
CD015786_base 0 30811909 1
CD015786_base 0 31055177 1
CD015786_base 0 31757464 1
CD015786_base 0 31780238 1
CD015786_base 0 33171275 1
CD015786_base 0 33520696 1
CD015786_base 0 33538338 1
CD015786_base 0 33712263 1
CD015786_base 0 34106467 1
CD015786_base 0 35065448 1
CD015786_base 0 35397864 1
CD015786_base 0 35696722 1
CD015786_base 0 36357562 1
CD015786_base 0 3652025 1
CD015786_base 0 3802833 1
CD015786_base 0 38812899 1
CD015786_base 0 9887227 1
CD015786_base 0 9921604 1
CD015788_base 0 11024415 1
CD015788_base 0 11713062 1
CD015788_base 0 12049574 1
CD015788_base 0 12939292 1
CD015788_base 0 14697909 1
CD015788_base 0 15885795 1
CD015788_base 0 16079372 1
CD015788_base 0 16636704 1
CD015788_base 0 16840369 1
CD015788_base 0 17686450 1
CD015788_base 0 17962457 1
CD015788_base 0 18826567 1
CD015788_base 0 19038625 1
CD015788_base 0 20669464 1
CD015788_base 0 23633333 1
CD015788_base 0 24974815 1
CD015788_base 0 25912144 1
CD015788_base 0 25922760 1
CD015788_base 0 26107146 1
CD015788_base 0 26136215 1
CD015788_base 0 26747060 1
CD015788_base 0 29032195 1
CD015788_base 0 30862377 1
CD015788_base 0 31462531 1
CD015788_base 0 33782057 1
CD015788_base 0 34239297 1
CD015788_base 0 34402384 1
CD015788_base 0 34933745 1
CD015788_base 0 35455630 1
CD015788_base 0 9310563 1
CD015790_base 0 10109801 1
CD015790_base 0 11124300 1
CD015790_base 0 11384013 1
CD015790_base 0 11448327 1
CD015790_base 0 11556941 1
CD015790_base 0 11923230 1
CD015790_base 0 1593914 1
CD015790_base 0 16717171 1
CD015790_base 0 16877389 1
CD015790_base 0 17443240 1
CD015790_base 0 17700339 1
CD015790_base 0 18826567 1
CD015790_base 0 21251493 1
CD015790_base 0 24922170 1
CD015790_base 0 25144579 1
CD015790_base 0 27531245 1
CD015790_base 0 29098289 1
CD015790_base 0 31462531 1
CD015790_base 0 33275949 1
CD015790_base 0 34673966 1
CD015790_base 0 39927516 1
CD015790_base 0 7183759 1
CD015790_base 0 9310563 1
CD015794_base 0 11154171 1
CD015794_base 0 15910397 1
CD015794_base 0 18616818 1
CD015794_base 0 20109865 1
CD015794_base 0 20238326 1
CD015794_base 0 23497061 1
CD015794_base 0 24278486 1
CD015794_base 0 24447578 1
CD015794_base 0 24821921 1
CD015794_base 0 25019054 1
CD015794_base 0 26291538 1
CD015794_base 0 26306609 1
CD015794_base 0 26813098 1
CD015794_base 0 27756454 1
CD015794_base 0 27955787 1
CD015794_base 0 28532397 1
CD015794_base 0 29384079 1
CD015794_base 0 31508807 1
CD015794_base 0 31862229 1
CD015794_base 0 33069302 1
CD015794_base 0 33782057 1
CD015794_base 0 34665831 1
CD015794_base 0 35174482 1
CD015794_base 0 36461087 1
CD015794_base 0 37459369 1
CD015794_base 0 40539472 1
CD015794_base 0 9708588 1
CD015802_base 0 11325321 1
CD015802_base 0 11401896 1
CD015802_base 0 15520112 1
CD015802_base 0 1576327 1
CD015802_base 0 17615092 1
CD015802_base 0 17989382 1
CD015802_base 0 17989390 1
CD015802_base 0 19057373 1
CD015802_base 0 19218032 1
CD015802_base 0 19622552 1
CD015802_base 0 21154344 1
CD015802_base 0 21173002 1
CD015802_base 0 21481418 1
CD015802_base 0 21986336 1
CD015802_base 0 22253394 1
CD015802_base 0 22262986 1
CD015802_base 0 22484473 1
CD015802_base 0 2279048 1
CD015802_base 0 23440789 1
CD015802_base 0 23479191 1
CD015802_base 0 23720269 1
CD015802_base 0 24445955 1
CD015802_base 0 24627654 1
CD015802_base 0 24803984 1
CD015802_base 0 25016674 1
CD015802_base 0 26348753 1
CD015802_base 0 26562367 1
CD015802_base 0 26566480 1
CD015802_base 0 26593077 1
CD015802_base 0 26628729 1
CD015802_base 0 26866610 1
CD015802_base 0 27005575 1
CD015802_base 0 27532916 1
CD015802_base 0 27552058 1
CD015802_base 0 27802529 1
CD015802_base 0 28146296 1
CD015802_base 0 28446386 1
CD015802_base 0 29035757 1
CD015802_base 0 29125893 1
CD015802_base 0 29314757 1
CD015802_base 0 29346141 1
CD015802_base 0 29463286 1
CD015802_base 0 30128088 1
CD015802_base 0 30366576 1
CD015802_base 0 30404737 1
CD015802_base 0 31653108 1
CD015802_base 0 31727986 1
CD015802_base 0 31758062 1
CD015802_base 0 32798713 1
CD015802_base 0 32831996 1
CD015802_base 0 32872145 1
CD015802_base 0 33168464 1
CD015802_base 0 33171275 1
CD015802_base 0 33476769 1
CD015802_base 0 33964929 1
CD015802_base 0 34674229 1
CD015802_base 0 37040532 1
CD015802_base 0 430317 1
CD015802_base 0 9209245 1
CD015802_base 0 9310563 1
CD015802_base 0 9346978 1
CD015804_base 0 15625332 1
CD015804_base 0 17021318 1
CD015804_base 0 17021319 1
CD015804_base 0 17443240 1
CD015804_base 0 17572499 1
CD015804_base 0 18826567 1
CD015804_base 0 20189972 1
CD015804_base 0 20212208 1
CD015804_base 0 21670337 1
CD015804_base 0 21843875 1
CD015804_base 0 23171290 1
CD015804_base 0 23296047 1
CD015804_base 0 23332590 1
CD015804_base 0 24706730 1
CD015804_base 0 25104651 1
CD015804_base 0 27518544 1
CD015804_base 0 27572301 1
CD015804_base 0 29398697 1
CD015804_base 0 29655642 1
CD015804_base 0 29945143 1
CD015804_base 0 30834517 1
CD015804_base 0 31324588 1
CD015804_base 0 31792843 1
CD015804_base 0 32251366 1
CD015804_base 0 32258827 1
CD015804_base 0 32344075 1
CD015804_base 0 32371511 1
CD015804_base 0 32511123 1
CD015804_base 0 32789284 1
CD015804_base 0 32796549 1
CD015804_base 0 33211076 1
CD015804_base 0 33463590 1
CD015804_base 0 33801185 1
CD015804_base 0 36225324 1
CD015804_base 0 36358978 1
CD015806_base 0 12758213 1
CD015806_base 0 12791888 1
CD015806_base 0 15137548 1
CD015806_base 0 15141729 1
CD015806_base 0 15639294 1
CD015806_base 0 16168343 1
CD015806_base 0 17079536 1
CD015806_base 0 17098577 1
CD015806_base 0 17392443 1
CD015806_base 0 18349362 1
CD015806_base 0 18483053 1
CD015806_base 0 18652996 1
CD015806_base 0 18829621 1
CD015806_base 0 19052299 1
CD015806_base 0 19215860 1
CD015806_base 0 20200293 1
CD015806_base 0 20397947 1
CD015806_base 0 21172670 1
CD015806_base 0 21208779 1
CD015806_base 0 21213073 1
CD015806_base 0 22007046 1
CD015806_base 0 22448023 1
CD015806_base 0 23394756 1
CD015806_base 0 2428893 1
CD015806_base 0 24400822 1
CD015806_base 0 24564419 1
CD015806_base 0 25037105 1
CD015806_base 0 25648115 1
CD015806_base 0 26046532 1
CD015806_base 0 26116616 1
CD015806_base 0 26409281 1
CD015806_base 0 26619464 1
CD015806_base 0 26931285 1
CD015806_base 0 27296716 1
CD015806_base 0 28188122 1
CD015806_base 0 28514671 1
CD015806_base 0 28702302 1
CD015806_base 0 28734517 1
CD015806_base 0 28851844 1
CD015806_base 0 29489887 1
CD015806_base 0 29692304 1
CD015806_base 0 30775376 1
CD015806_base 0 30890135 1
CD015806_base 0 31248383 1
CD015806_base 0 31906163 1
CD015806_base 0 32058069 1
CD015806_base 0 32060007 1
CD015806_base 0 32154870 1
CD015806_base 0 32853411 1
CD015806_base 0 33489948 1
CD015806_base 0 33616229 1
CD015806_base 0 34429298 1
CD015806_base 0 34698503 1
CD015806_base 0 35080295 1
CD015806_base 0 35182898 1
CD015806_base 0 35299853 1
CD015806_base 0 35880002 1
CD015806_base 0 36065889 1
CD015806_base 0 36668920 1
CD015806_base 0 37230547 1
CD015820_base 0 11879129 1
CD015820_base 0 12241931 1
CD015820_base 0 12958120 1
CD015820_base 0 15326120 1
CD015820_base 0 15522375 1
CD015820_base 0 15824215 1
CD015820_base 0 16329744 1
CD015820_base 0 17003431 1
CD015820_base 0 17443240 1
CD015820_base 0 17855283 1
CD015820_base 0 18207121 1
CD015820_base 0 19541265 1
CD015820_base 0 19661070 1
CD015820_base 0 20640038 1
CD015820_base 0 22820813 1
CD015820_base 0 22920669 1
CD015820_base 0 23882695 1
CD015820_base 0 24189091 1
CD015820_base 0 25743080 1
CD015820_base 0 26358284 1
CD015820_base 0 27486016 1
CD015820_base 0 28472231 1
CD015820_base 0 29609075 1
CD015820_base 0 30524276 1
CD015820_base 0 30763432 1
CD015820_base 0 31462531 1
CD015820_base 0 32198079 1
CD015820_base 0 32926105 1
CD015820_base 0 33782057 1
CD015820_base 0 34239297 1
CD015820_base 0 34499336 1
CD015820_base 0 34518882 1
CD015820_base 0 34534556 1
CD015820_base 0 34614165 1
CD015820_base 0 34934881 1
CD015820_base 0 36242809 1
CD015820_base 0 36681277 1
CD015820_base 0 40600348 1
CD015820_base 0 7295619 1
CD015820_base 0 9135409 1
CD015820_base 0 9310563 1
CD015890_base 0 12543843 1
CD015890_base 0 17555582 1
CD015890_base 0 18630984 1
CD015890_base 0 19820104 1
CD015890_base 0 20488524 1
CD015890_base 0 21310794 1
CD015890_base 0 21330583 1
CD015890_base 0 23420236 1
CD015890_base 0 25003600 1
CD015890_base 0 25314315 1
CD015890_base 0 25775931 1
CD015890_base 0 27708469 1
CD015890_base 0 28052967 1
CD015890_base 0 28705945 1
CD015890_base 0 28975717 1
CD015890_base 0 29161276 1
CD015890_base 0 30062731 1
CD015890_base 0 30700442 1
CD015890_base 0 31982539 1
CD015890_base 0 33009253 1
CD015890_base 0 33048484 1
CD015890_base 0 33547088 1
CD015890_base 0 33782057 1
CD015890_base 0 35146851 1
CD015890_base 0 35346974 1
CD015890_base 0 36815723 1
CD015890_base 0 38860538 1
CD015890_base 0 9921604 1
CD015894_base 0 11177093 1
CD015894_base 0 12467083 1
CD015894_base 0 15867047 1
CD015894_base 0 16299876 1
CD015894_base 0 16393878 1
CD015894_base 0 16597720 1
CD015894_base 0 17615092 1
CD015894_base 0 18165830 1
CD015894_base 0 18180641 1
CD015894_base 0 18594041 1
CD015894_base 0 18808620 1
CD015894_base 0 19526425 1
CD015894_base 0 19622552 1
CD015894_base 0 21178602 1
CD015894_base 0 21717158 1
CD015894_base 0 21975734 1
CD015894_base 0 22462236 1
CD015894_base 0 23415783 1
CD015894_base 0 23440789 1
CD015894_base 0 23440822 1
CD015894_base 0 23479191 1
CD015894_base 0 23878607 1
CD015894_base 0 24078899 1
CD015894_base 0 24187879 1
CD015894_base 0 24318537 1
CD015894_base 0 24491511 1
CD015894_base 0 24500615 1
CD015894_base 0 24595780 1
CD015894_base 0 24761178 1
CD015894_base 0 25459780 1
CD015894_base 0 25573069 1
CD015894_base 0 26438556 1
CD015894_base 0 2648091 1
CD015894_base 0 27005575 1
CD015894_base 0 27222453 1
CD015894_base 0 27388046 1
CD015894_base 0 27399959 1
CD015894_base 0 27792244 1
CD015894_base 0 27802529 1
CD015894_base 0 27977013 1
CD015894_base 0 28205208 1
CD015894_base 0 28691535 1
CD015894_base 0 30166366 1
CD015894_base 0 30380794 1
CD015894_base 0 305471 1
CD015894_base 0 30874366 1
CD015894_base 0 31271304 1
CD015894_base 0 31653303 1
CD015894_base 0 31985830 1
CD015894_base 0 32270873 1
CD015894_base 0 33425287 1
CD015894_base 0 33425820 1
CD015894_base 0 33636371 1
CD015894_base 0 34336731 1
CD015894_base 0 37014033 1
CD015894_base 0 37019853 1
CD015894_base 0 40260830 1
CD015894_base 0 8003306 1
CD015894_base 0 8127206 1
CD015894_base 0 8413140 1
CD015894_base 0 8722730 1
CD015894_base 0 9295899 1
CD015894_base 0 9310563 1
CD015894_base 0 9458936 1
CD016013_base 0 12543843 1
CD016013_base 0 17555582 1
CD016013_base 0 18630984 1
CD016013_base 0 19820104 1
CD016013_base 0 20488524 1
CD016013_base 0 21310794 1
CD016013_base 0 21330583 1
CD016013_base 0 23420236 1
CD016013_base 0 25003600 1
CD016013_base 0 25314315 1
CD016013_base 0 25775931 1
CD016013_base 0 28052967 1
CD016013_base 0 28705945 1
CD016013_base 0 28975717 1
CD016013_base 0 29161276 1
CD016013_base 0 30062731 1
CD016013_base 0 30700442 1
CD016013_base 0 31982539 1
CD016013_base 0 33009253 1
CD016013_base 0 33048484 1
CD016013_base 0 33547088 1
CD016013_base 0 33782057 1
CD016013_base 0 34883188 1
CD016013_base 0 34964875 1
CD016013_base 0 35146851 1
CD016013_base 0 35346974 1
CD016013_base 0 36815723 1
CD016013_base 0 39177079 1
CD016013_base 0 9921604 1
CD016058_base 0 28246049 1
CD016058_base 0 29975879 1
CD016058_base 0 33045643 1
CD016058_base 0 34936704 1
CD016058_base 0 34985167 1
CD016058_base 0 35410990 1
CD016058_base 0 35816038 1
CD016058_base 0 36316290 1
CD016058_base 0 36384212 1
CD016058_base 0 36788367 1
CD016058_base 0 37088177 1
CD016058_base 0 37132075 1
CD016058_base 0 37142273 1
CD016058_base 0 37230961 1
CD016058_base 0 37619211 1
CD016058_base 0 39908068 1
CD016070_base 0 15228522 1
CD016070_base 0 16168343 1
CD016070_base 0 16931408 1
CD016070_base 0 17098577 1
CD016070_base 0 17574096 1
CD016070_base 0 20534796 1
CD016070_base 0 22007046 1
CD016070_base 0 24022476 1
CD016070_base 0 24637544 1
CD016070_base 0 24786895 1
CD016070_base 0 25897661 1
CD016070_base 0 26266773 1
CD016070_base 0 26579092 1
CD016070_base 0 26970721 1
CD016070_base 0 27163343 1
CD016070_base 0 27784885 1
CD016070_base 0 27830524 1
CD016070_base 0 28052967 1
CD016070_base 0 28100546 1
CD016070_base 0 28125693 1
CD016070_base 0 28320384 1
CD016070_base 0 28774293 1
CD016070_base 0 28883510 1
CD016070_base 0 30032978 1
CD016070_base 0 31155318 1
CD016070_base 0 31173647 1
CD016070_base 0 31633805 1
CD016070_base 0 31906163 1
CD016070_base 0 31976353 1
CD016070_base 0 32178764 1
CD016070_base 0 32855226 1
CD016070_base 0 33448348 1
CD016070_base 0 33616229 1
CD016070_base 0 33755189 1
CD016070_base 0 33864930 1
CD016070_base 0 34049948 1
CD016070_base 0 34698503 1
CD016070_base 0 34800394 1
CD016070_base 0 35338834 1
CD016070_base 0 36521944 1
CD016070_base 0 37202025 1
CD016070_base 0 39908067 1
CD016071_base 0 12758213 1
CD016071_base 0 14522261 1
CD016071_base 0 15228522 1
CD016071_base 0 15639294 1
CD016071_base 0 16168343 1
CD016071_base 0 16243870 1
CD016071_base 0 16931408 1
CD016071_base 0 17079536 1
CD016071_base 0 17098577 1
CD016071_base 0 17352090 1
CD016071_base 0 21172670 1
CD016071_base 0 21195583 1
CD016071_base 0 21644393 1
CD016071_base 0 21700601 1
CD016071_base 0 21764384 1
CD016071_base 0 22007046 1
CD016071_base 0 22752518 1
CD016071_base 0 24004840 1
CD016071_base 0 24022476 1
CD016071_base 0 24400822 1
CD016071_base 0 24696110 1
CD016071_base 0 24818083 1
CD016071_base 0 25471640 1
CD016071_base 0 26113682 1
CD016071_base 0 26409281 1
CD016071_base 0 26619464 1
CD016071_base 0 26970721 1
CD016071_base 0 27007974 1
CD016071_base 0 27163343 1
CD016071_base 0 27296716 1
CD016071_base 0 27727131 1
CD016071_base 0 27932390 1
CD016071_base 0 28100546 1
CD016071_base 0 28125693 1
CD016071_base 0 28320384 1
CD016071_base 0 28575238 1
CD016071_base 0 28734517 1
CD016071_base 0 28774293 1
CD016071_base 0 28924198 1
CD016071_base 0 29997199 1
CD016071_base 0 30032978 1
CD016071_base 0 30036606 1
CD016071_base 0 30454917 1
CD016071_base 0 30944200 1
CD016071_base 0 31155318 1
CD016071_base 0 31381861 1
CD016071_base 0 31455612 1
CD016071_base 0 31610754 1
CD016071_base 0 31633805 1
CD016071_base 0 32656104 1
CD016071_base 0 32853411 1
CD016071_base 0 32855226 1
CD016071_base 0 33049437 1
CD016071_base 0 33448348 1
CD016071_base 0 33616229 1
CD016071_base 0 33616611 1
CD016071_base 0 33755189 1
CD016071_base 0 34076469 1
CD016071_base 0 34525399 1
CD016071_base 0 34698503 1
CD016071_base 0 35055981 1
CD016071_base 0 35880002 1
CD016071_base 0 36065889 1
CD016071_base 0 37117209 1
CD016071_base 0 37202025 1
CD016071_base 0 39908066 1
